""	"A0121"	"A1316"	"A6620"	"A6820"	"B0121"	"B0521"	"B0721"	"B0817"	"B0818"	"B0821"	"B1521"	"B1621"	"B1921"	"B3017"	"B3021"	"B3618"	"B3621"	"B3717"	"B3721"	"B4121"	"B4321"	"B4417"	"B4421"	"A0102"	"A1301"	"A6601"	"A6801"	"B0102"	"B0501"	"B0701"	"B0801"	"B1501"	"B1601"	"B1603"	"B1901"	"B1902"	"B3001"	"B3002"	"B3601"	"B3603"	"B3701"	"B3703"	"B4101"	"B4102"	"B4303"	"B4403"	"A0107"	"A1307"	"A6608"	"A6805"	"B0108"	"B0508"	"B0706"	"B0809"	"B1504"	"B1508"	"B1604"	"B1607"	"B1904"	"B1907"	"B3004"	"B3007"	"B3604"	"B3607"	"B3704"	"B3707"	"B4105"	"B4107"	"B4304"	"B4307"	"B4404"	"B4407"	"A0113"	"A1314"	"A6613"	"A6812"	"B0114"	"B0514"	"B0714"	"B0815"	"B1515"	"B1615"	"B1910"	"B1914"	"B3010"	"B3014"	"B3610"	"B3614"	"B3710"	"B3714"	"B4113"	"B4314"	"B4414"
"A0121"	0	0.827355861970422	0.611738229620633	0.392226905765521	0.45463313567193	0.0985568336072015	0.241944702436236	0.0993427162963492	0.0998428234621705	0.43973708651854	0.827641637493749	0.553047081517468	0.0996284918196756	0.929984996785025	0.967421590340787	0.303922269057655	0.574801743230692	0.0724440951632493	0.866900050010717	0.979352718439666	0.741516039151247	0.789347717368007	0.797385153961563	0.941701793241409	0.985961277416589	0.939558476816461	0.991819675644781	0.989176252054012	0.991498178181039	0.982746302779167	0.976852182610559	0.98442523397871	0.996213474315925	0.992391226691434	0.911695363292134	0.89929984996785	0.956990783739373	0.908266057012217	0.982853468600414	0.974173037079374	0.990390798028149	0.984603843680789	0.886654283060656	0.991462456240623	0.980638708294635	0.98067443023505	0.943630778023862	0.94220190040723	0.942130456526398	0.0935914838894049	0.942166178466814	0.994177323712224	0.986139887118668	0.453990140744445	0.96731442451954	0.0995213259984282	0.9606701436022	0.094841751803958	0.955097520897335	0.998856897906694	0.518289633492891	0.578945488318925	0.987711652496964	0.989140530113596	0.986854325926984	0.996463527898835	0.924198042437665	0.95377580910195	0.972386940058584	0.995927698792598	0.993927270129313	0.101093091376724	0.96042009001929	0.48288919054083	0.682789169107666	0.0645852682717725	0.941630349360577	0.993998714010145	0.120561548903336	0.0996999357005073	0.254233049939273	0.214295920554405	0.763592198328213	0.102236193470029	0.863970850896621	0.927020075730514	0.942451953990141	0.942380510109309	0.996392084018004	0.233335714796028	0.989354861756091	0.403264985354004	0.12895620490105
"A1316"	0.827355861970422	0	0.733907265842681	0.807280131456741	0.760662999214117	0.884796742159034	0.588483246409945	0.879617060798743	0.88840465814103	0.870365078231049	0.78924055154676	0.799099807101522	0.887475887690219	0.210688004572408	0.203293562906337	0.753054225905551	0.290490819461313	0.868543259269844	0.138208187468743	0.97199399871401	0.888726155604772	0.116667857398014	0.120204329499178	0.978531113810102	0.976102021861827	0.970493677216546	0.981460312924198	0.97931699649925	0.98331785382582	0.972744159462742	0.963170679431307	0.967385868400372	0.99599914267343	0.989033364292348	0.849610630849468	0.822283346431378	0.936057726655712	0.873365721225977	0.973708651853969	0.963277845252554	0.97956705008216	0.972029720654426	0.847503036364935	0.982067585911267	0.947453025648353	0.964706722869186	0.980352932771308	0.969922126169894	0.968743302136172	0.873758662570551	0.968921911838251	0.985854111595342	0.976102021861827	0.878116739301279	0.949024791026649	0.887190112166893	0.942523397870972	0.883117810959491	0.893334285918411	0.997999571336715	0.867007215831964	0.374080160034293	0.978459669929271	0.979424162320497	0.976530685146817	0.987175823390727	0.895906265628349	0.863149246267057	0.929020504393799	0.995713367150104	0.988390369364864	0.889047653068515	0.922233335714796	0.363220690147889	0.780703007787383	0.873401443166393	0.968636136314925	0.985675501893263	0.739515610487962	0.882010430806601	0.81835393298564	0.828963349289133	0.892012574123026	0.891476745016789	0.131099521325998	0.237872401228835	0.976959348431807	0.899371293848682	0.987068657569479	0.882510537972423	0.981424590983782	0.879188397513753	0.879974280202901
"A6620"	0.611738229620633	0.733907265842681	0	0.491676787883118	0.31256697863828	0.664463813674359	0.597663785096807	0.651782524826749	0.667678788311781	0.653211402443381	0.558762591983997	0.434950346502822	0.667142959205544	0.759519897120812	0.795884832464099	0.440344359505608	0.564620990212188	0.652461241694649	0.865971279559906	0.965385439737087	0.740658712581267	0.776666428520397	0.774058726870044	0.983460741587483	0.970350789454883	0.976780738729728	0.875366149889262	0.968921911838251	0.974958919768522	0.966278488247482	0.960205758376795	0.959098378223905	0.99599914267343	0.990426519968565	0.889261984711009	0.873151389583482	0.940558691148103	0.884368078874044	0.956276344931057	0.946595699078374	0.967064370936629	0.955633350003572	0.866292777023648	0.967350146459956	0.959062656283489	0.94152318353933	0.985282560548689	0.964385225405444	0.864220904479531	0.620918768307494	0.864220904479531	0.877830963777952	0.969386297063657	0.548117453740087	0.819318425376866	0.665035364721012	0.84371651068086	0.662391941130242	0.931806815746231	0.998071015217547	0.644816746445667	0.445345431163821	0.964028006001286	0.963920840180039	0.961706079874259	0.877438022433379	0.907087232978495	0.934521683217832	0.951882546259913	0.995677645209688	0.98799742802029	0.668679002643424	0.839751375294706	0.612595556190612	0.448131742516253	0.657890976637851	0.865756947917411	0.877688076016289	0.639458455383296	0.661748946202758	0.442273344288062	0.553082803457884	0.763663642209045	0.67117953847253	0.657498035293277	0.731799671358148	0.982031863970851	0.771772522683432	0.877330856612131	0.662249053368579	0.95599056940773	0.584946774308781	0.664642423376438
"A6820"	0.392226905765521	0.807280131456741	0.491676787883118	0	0.463706508537544	0.478423947988855	0.405158248196042	0.478102450525113	0.47956705008216	0.44977495177538	0.825569764949632	0.562799171250982	0.478995499035508	0.939701364578124	0.96552832749875	0.417553761520326	0.533578623990855	0.451382439094092	0.866828606129885	0.978995499035508	0.741551761091663	0.77680931628206	0.775166107022934	0.952954204472387	0.985389726369936	0.949632064013717	0.99131956847896	0.988033149960706	0.991105236836465	0.982174751732514	0.976387797385154	0.983853682932057	0.996963635064657	0.991855397585197	0.910980924483818	0.89862113309995	0.956347788811888	0.907658784025148	0.98221047367293	0.97353004215189	0.98978352504108	0.983853682932057	0.885904122311924	0.991105236836465	0.97999571336715	0.980102879188398	0.954811745374009	0.951132385511181	0.951025219689934	0.472958491105237	0.951132385511181	0.993677216546403	0.985711223833679	0.477173680074302	0.966099878545403	0.478495391869686	0.960027148674716	0.474958919768522	0.954418804029435	0.998821175966279	0.517932414088733	0.531399585625491	0.987068657569479	0.988497535186111	0.9862113309995	0.994784596699293	0.923412159748518	0.953132814174466	0.9717439451311	0.99667785954133	0.992962777738087	0.48153175680503	0.959419875687647	0.481460312924198	0.692148317496606	0.445381153104237	0.950560834464528	0.993605772665571	0.45131099521326	0.478959777095092	0.441987568764735	0.433307137243695	0.763699364149461	0.482817746659999	0.821390297920983	0.93684360934486	0.951846824319497	0.951596770736586	0.994677430878045	0.474708866185611	0.988997642351933	0.478316782167607	0.47667357290848
"B0121"	0.45463313567193	0.760662999214117	0.31256697863828	0.463706508537544	0	0.534936057726656	0.492962777738087	0.524040865899836	0.538579695649068	0.46799314138744	0.723762234764592	0.456990783739373	0.537222261913267	0.782703436450668	0.93019932842752	0.209330570836608	0.571372436950775	0.509323426448525	0.876759305565478	0.965421161677502	0.740622990640852	0.801743230692291	0.809852111166679	0.926305636922198	0.969493462884904	0.918482531971137	0.850503679359863	0.969957848110309	0.975351861113096	0.965421161677502	0.9593127098664	0.958526827177252	0.996356362077588	0.989604915339001	0.892048296063442	0.879974280202901	0.939951418161035	0.889369150532257	0.958776880760163	0.950668000285775	0.966099878545403	0.957598056726441	0.869900693005644	0.96688576123455	0.960455811959706	0.94084446667143	0.928127455883404	0.909230549403444	0.77391583910838	0.491140958776881	0.793598628277488	0.854218761163106	0.968528970493677	0.396477816675002	0.820854468814746	0.537436593555762	0.81903264985354	0.533471458169608	0.935843395013217	0.998285346860041	0.514288776166321	0.460562977780953	0.964813888690434	0.964706722869186	0.96152747017218	0.855897692362649	0.906730013574337	0.934164463813674	0.95241837536615	0.996070586554262	0.988783310709438	0.538829749231978	0.815138958348217	0.488568979066943	0.307101521754662	0.503822247624491	0.770700864470958	0.854111595341859	0.508644709580624	0.531863970850897	0.451668214617418	0.416589269129099	0.763627920268629	0.541294563120669	0.713295706222762	0.779202686289919	0.924698149603487	0.62759877116525	0.855861970422233	0.532328356076302	0.956276344931057	0.455204686718583	0.53311423876545
"B0521"	0.0985568336072015	0.884796742159034	0.664463813674359	0.478423947988855	0.534936057726656	0	0.301778952632707	0.0263270700864471	0.029613488604701	0.494641708937629	0.850575123240694	0.608451811102379	0.0280774451668215	0.987925984139458	0.986568550403658	0.369472029720654	0.61891833964421	0.0450096449239123	0.911552475530471	0.989497749517754	0.732371222404801	0.836250625133957	0.833285704079446	0.969922126169894	0.95888404658141	0.965492605558334	0.96484961063085	0.961670357933843	0.964599557047939	0.956312066871472	0.949953561477459	0.958133885832678	0.972779881403158	0.969600628706151	0.891869686361363	0.878473958705437	0.939915696220619	0.885439737086519	0.959884260913053	0.955061798956919	0.964206615703365	0.959884260913053	0.869829249124812	0.966528541830392	0.95463313567193	0.956705008216046	0.973029934986068	0.986747160105737	0.985461170250768	0.0446167035793384	0.982924912481246	0.966492819889976	0.958991212402658	0.426305636922198	0.943666499964278	0.0283274987497321	0.933592912767021	0.0291133814388798	0.932378366792884	0.996927913124241	0.492105451168107	0.61116667857398	0.961920411516754	0.963385011073801	0.960813031363864	0.98953347145817	0.902264771022362	0.928627563049225	0.948203186397085	0.971636779309852	0.967921697506609	0.0317210830892334	0.934843180681575	0.522719154104451	0.743516467814532	0.0373294277345145	0.991855397585197	0.966171322426234	0.15006787168679	0.0272915624776738	0.2841323140673	0.266414231621062	0.763592198328213	0.0321140244338072	0.906087018646853	0.984853897263699	0.989211973994427	0.992569836393513	0.977137958133886	0.227262984925341	0.986282774880331	0.388261770379367	0.121740372937058
"B0721"	0.241944702436236	0.588483246409945	0.597663785096807	0.405158248196042	0.492962777738087	0.301778952632707	0	0.302136172036865	0.302743445023934	0.479424162320497	0.837893834393084	0.590626562834893	0.302207615917697	0.742694863184968	0.744480960205758	0.313067085804101	0.334964635278988	0.285596913624348	0.64163749374866	0.982424805315425	0.741480317210831	0.551868257483747	0.555797670929485	0.981674644566693	0.986854325926984	0.978316782167607	0.992319782810602	0.990605129670644	0.994141601771808	0.983603629349146	0.973958705436879	0.978316782167607	0.997963849396299	0.993212831320997	0.862649139101236	0.837715224691005	0.947202972065443	0.884368078874044	0.985354004429521	0.97599485604058	0.99064085161106	0.983603629349146	0.859648496106308	0.992998499678503	0.961313138529685	0.975673358576838	0.982031863970851	0.982103307851683	0.981960420090019	0.296456383510752	0.982067585911267	0.996785025362578	0.9868900478674	0.456490676573551	0.965564049439166	0.302529113381439	0.953632921340287	0.297385153961563	0.905551189540616	0.998785454025863	0.51021647495892	0.338143887975995	0.989640637279417	0.990748017432307	0.987675930556548	0.998392512681289	0.907158676859327	0.87750946631421	0.943773665785525	0.997606629992141	0.996106308494677	0.302207615917697	0.937343716510681	0.259805672644138	0.722690576552118	0.285882689147675	0.981353147102951	0.996463527898835	0.152139744230907	0.302529113381439	0.283096377795242	0.284882474816032	0.763663642209045	0.303279274130171	0.622419089804958	0.739801386011288	0.982031863970851	0.982139029792098	0.998249624919626	0.29767092948489	0.991855397585197	0.405193970136458	0.295206115596199
"B0817"	0.0993427162963492	0.879617060798743	0.651782524826749	0.478102450525113	0.524040865899836	0.0263270700864471	0.302136172036865	0	0.0174680288633279	0.491676787883118	0.837322283346431	0.605951275273273	0.0165749803529328	0.985282560548689	0.984246624276631	0.377438022433379	0.619882832035436	0.0536543545045367	0.914374508823319	0.979102664856755	0.741551761091663	0.844252339787097	0.849467743087804	0.99599914267343	0.973208544688147	0.989426305636922	0.97888833321426	0.973994427377295	0.978924055154676	0.970565121097378	0.964063727941702	0.972029720654426	0.996070586554262	0.99089090519397	0.905694077302279	0.892869900693006	0.953918696863614	0.89929984996785	0.973994427377295	0.968993355719083	0.978173894405944	0.9737800957348	0.883689362006144	0.98067443023505	0.968600414374509	0.970565121097378	0.997820961634636	0.979638493962992	0.979388440380081	0.0345788383224977	0.979531328141745	0.980602986354219	0.973208544688147	0.438486818603987	0.954776023433593	0.016539258412517	0.947238694005858	0.0173965849824963	0.946238479674216	0.997749517753804	0.506037007930271	0.622347645924127	0.97599485604058	0.977459455597628	0.974744588126027	0.979138386797171	0.915946274201615	0.94263056369222	0.962099021218833	0.996284918196756	0.992498392512681	0.0205758376795028	0.948703293562906	0.522933485746946	0.731549617775238	0.03779381295992	0.981031649639208	0.980388654711724	0.150246481388869	0.0115739086947203	0.286704293777238	0.252625562620562	0.763556476387797	0.020897335143245	0.908123169250554	0.983210688004572	0.99421304565264	0.982424805315425	0.978852611273844	0.236372079731371	0.97531613917268	0.389190540830178	0.129706365649782
"B0818"	0.0998428234621705	0.88840465814103	0.667678788311781	0.47956705008216	0.538579695649068	0.029613488604701	0.302743445023934	0.0174680288633279	0	0.493998714010145	0.854040151461027	0.608916196327784	0.00200042866328499	0.987425876973637	0.986961491748232	0.378509680645853	0.621133099949989	0.0564049439165535	0.915624776737872	0.992784168036008	0.742694863184968	0.844538115310424	0.850825176823605	0.996927913124241	0.988283203543617	0.994856040580124	0.993998714010145	0.989997856683575	0.993891548188898	0.985639779952847	0.979209830678002	0.987032935629063	0.997428020290062	0.993570050725155	0.92084018003858	0.907480174323069	0.968957633778667	0.914374508823319	0.988961920411517	0.984103736514968	0.993248553261413	0.988783310709438	0.898871186682861	0.995820532971351	0.983639351289562	0.985604058012431	0.998785454025863	0.995891976852183	0.995820532971351	0.0493319997142245	0.996034864613846	0.99557047938844	0.988318925484032	0.454740301493177	0.971815389011931	0.0197542330499393	0.962384796742159	0.00675144673858684	0.961384582410516	0.9993212831321	0.521183110666571	0.62384796742159	0.990998071015218	0.99242694863185	0.989819246981496	0.995963420733014	0.931092376937915	0.957669500607273	0.977137958133886	0.997678073872973	0.996499249839251	0.0158962634850325	0.963813674358791	0.525684075158963	0.74701721797528	0.0381153104236622	0.995463313567193	0.995427591626777	0.150853754375938	0.00693005644066586	0.290312209759234	0.268843323569336	0.763413588626134	0.00364363792241195	0.909016217760949	0.984068014574552	0.996749303422162	0.996785025362578	0.995891976852183	0.23808673287133	0.99046224190898	0.404122311923984	0.131278131028077
"B0821"	0.43973708651854	0.870365078231049	0.653211402443381	0.44977495177538	0.46799314138744	0.494641708937629	0.479424162320497	0.491676787883118	0.493998714010145	0	0.825998428234622	0.227227262984925	0.494605986997214	0.905765521183111	0.973565764092305	0.417732371222405	0.618311066657141	0.467028648996213	0.907551618203901	0.980531542473387	0.741766092734157	0.832749874973209	0.840894477388012	0.507144388083161	0.98731871115239	0.505072515539044	0.993248553261413	0.988854754590269	0.992962777738087	0.984175180395799	0.978281060227192	0.985854111595342	0.997177966707152	0.993712938486819	0.913910123597914	0.902836322069015	0.958491105236836	0.909766378509681	0.984353790097878	0.975673358576838	0.991891119525613	0.985996999357005	0.888190326498535	0.992998499678503	0.982139029792098	0.982067585911267	0.508930485103951	0.504036579266986	0.503643637922412	0.489176252054012	0.503786525684075	0.995356147745946	0.9875687647353	0.492284060870186	0.965849824962492	0.491891119525613	0.962134743159248	0.489283417875259	0.956562120454383	0.999035507608773	0.519789954990355	0.622454811745374	0.989211973994427	0.99064085161106	0.988354647424448	0.994105879831392	0.925555476173466	0.955276130599414	0.973887261556048	0.997070800885904	0.995034650282203	0.496463527898835	0.961634635993427	0.519039794241623	0.386797170822319	0.460027148674716	0.505465456883618	0.995427591626777	0.494820318639708	0.494856040580124	0.459777095091805	0.328606129884975	0.763556476387797	0.497070800885904	0.907515896263485	0.901478888333214	0.507037222261913	0.56801457455169	0.993962992069729	0.490390798028149	0.990569407730228	0.494391655354719	0.493891548188898
"B1521"	0.827641637493749	0.78924055154676	0.558762591983997	0.825569764949632	0.723762234764592	0.850575123240694	0.837893834393084	0.837322283346431	0.854040151461027	0.825998428234622	0	0.605772665571194	0.853325712652711	0.788633278559691	0.801600342930628	0.740480102879188	0.83282131885404	0.824712438379653	0.904658141030221	0.96484961063085	0.853540044295206	0.842823462170465	0.843609344859613	0.970065013931557	0.969707794527399	0.963242123312138	0.974780310066443	0.970386511395299	0.974816032006859	0.965564049439166	0.959919982853469	0.966778595413303	0.995427591626777	0.984210902336215	0.888618989783525	0.873329999285561	0.939665642637708	0.881117382296206	0.962920625848396	0.950132171179539	0.972851325283989	0.962992069729228	0.864542401943274	0.974458812602701	0.957955276130599	0.962349074801743	0.971958276773594	0.947560191469601	0.947095806244195	0.831249553475745	0.947274415946274	0.977352289776381	0.969279131242409	0.833607201543188	0.870579409873544	0.849181967564478	0.942809173394299	0.848717582339073	0.931556762163321	0.997499464170894	0.833678645424019	0.765842680574409	0.969243409301993	0.970243623633636	0.968493248553261	0.972422661999	0.906051296706437	0.933807244409516	0.951025219689934	0.995141816103451	0.987282989211974	0.855004643852254	0.939058369650639	0.833464313781525	0.721904693862971	0.83146388511824	0.953239979995713	0.977173680074302	0.853611488176038	0.848074587411588	0.614310209330571	0.725691219547046	0.858005286847182	0.857433735800529	0.818889762091877	0.762091876830749	0.968314638851182	0.868936200614417	0.972244052296921	0.847324426662856	0.973172822747732	0.836000571551047	0.850075016074873
"B1621"	0.553047081517468	0.799099807101522	0.434950346502822	0.562799171250982	0.456990783739373	0.608451811102379	0.590626562834893	0.605951275273273	0.608916196327784	0.227227262984925	0.605772665571194	0	0.609166249910695	0.742051868257484	0.80456526398514	0.448524683860827	0.601700364363792	0.580552975637637	0.905193970136458	0.981281703222119	0.740444380938773	0.830213617203686	0.838108166035579	0.619275559048368	0.987282989211974	0.616917910980925	0.993248553261413	0.988783310709438	0.993319997142245	0.98399657069372	0.978281060227192	0.985282560548689	0.997320854468815	0.993677216546403	0.906944345216832	0.889226262770594	0.95777666642852	0.90305065371151	0.981567478745445	0.968814746017004	0.991283846538544	0.982496249196256	0.881724655283275	0.992748446095592	0.976387797385154	0.981817532328356	0.619632778452526	0.616060584410945	0.615631921125956	0.602593412874187	0.615810530828035	0.99599914267343	0.987640208616132	0.605201114524541	0.935664785311138	0.60580838751161	0.96152747017218	0.603093520040009	0.95020361506037	0.998142459098378	0.60537972422662	0.54400943059227	0.987675930556548	0.988711866828606	0.987211545331142	0.994177323712224	0.924448096020576	0.950989497749518	0.968314638851182	0.996963635064657	0.992891333857255	0.607915981996142	0.95752661284561	0.590519397013646	0.304422376223476	0.573051368150318	0.617989569193399	0.995820532971351	0.607094377366579	0.609559191255269	0.38440380081446	0.357898121025934	0.763627920268629	0.610345073944417	0.828356076302065	0.712438379652783	0.619561334571694	0.53668643280703	0.994177323712224	0.603807958848325	0.991283846538544	0.607808816174895	0.606558548260342
"B1921"	0.0996284918196756	0.887475887690219	0.667142959205544	0.478995499035508	0.537222261913267	0.0280774451668215	0.302207615917697	0.0165749803529328	0.00200042866328499	0.494605986997214	0.853325712652711	0.609166249910695	0	0.988176037722369	0.987068657569479	0.377902407658784	0.620668714724584	0.0556547831678217	0.915053225691219	0.991748231763949	0.741944702436236	0.84439522754876	0.849896406372794	0.996356362077588	0.986425662641995	0.993069943559334	0.992248338929771	0.98910480817318	0.992141173108523	0.983853682932057	0.977459455597628	0.985318282489105	0.996570693720083	0.991712509823534	0.919125526898621	0.905729799242695	0.967171536757877	0.912588411802529	0.987140101450311	0.982281917553761	0.991426734300207	0.987140101450311	0.897192255483318	0.993998714010145	0.981817532328356	0.983960848753304	0.99821390297921	0.995427591626777	0.995284703865114	0.0478316782167607	0.995427591626777	0.993927270129313	0.986532828463242	0.453811531042366	0.97088661856112	0.0193612917053654	0.960527255840537	0.00703722226191327	0.959669929270558	0.998428234621705	0.519361291705365	0.622990640851611	0.989140530113596	0.99064085161106	0.988033149960706	0.995177538043867	0.929449167678788	0.955811959705651	0.97531613917268	0.996820747302994	0.994677430878045	0.0157176537829535	0.962527684503822	0.524755304708152	0.746481388869043	0.0379367007215832	0.994713152818461	0.993641494605987	0.150353647210116	0.00607272987068658	0.289133385725513	0.268200328641852	0.76344931056655	0.00457240837322283	0.908551832535543	0.984925341144531	0.994998928341787	0.995356147745946	0.994963206401372	0.236943630778024	0.98867614488819	0.402443380724441	0.130242194756019
"B3017"	0.929984996785025	0.210688004572408	0.759519897120812	0.939701364578124	0.782703436450668	0.987925984139458	0.742694863184968	0.985282560548689	0.987425876973637	0.905765521183111	0.788633278559691	0.742051868257484	0.988176037722369	0	0.165785525469744	0.745838393941559	0.449560620132886	0.958991212402658	0.291491033792956	0.981960420090019	0.985818389654926	0.286097020790169	0.288347503036365	0.91973279988569	0.987354433092806	0.916124883903694	0.992819889976424	0.989247695934843	0.994534543116382	0.984139458455383	0.980960205758377	0.97820961634636	0.998535400442952	0.993820104308066	0.921768950489391	0.90372937057941	0.964135171822533	0.949632064013717	0.982817746659999	0.971851110952347	0.990533685789812	0.980495820532971	0.94041580338644	0.992891333857255	0.958348217475173	0.976316353504322	0.920125741230264	0.917410873758663	0.917267985996999	0.982424805315425	0.917446595699078	0.997213688647567	0.987354433092806	0.984639565621205	0.9468814746017	0.985389726369936	0.977495177538044	0.982496249196256	0.924019432735586	0.998928341787526	0.97463742230478	0.473565764092305	0.988711866828606	0.989354861756091	0.987104379509895	0.996106308494677	0.960991641065943	0.90219332714153	0.947810245052511	0.998178181038794	0.994141601771808	0.986247052939916	0.955168964778167	0.49778523969422	0.772201185968422	0.951382439094092	0.918839751375295	0.997035078945488	0.864042294777452	0.988176037722369	0.822140458669715	0.821211688218904	0.989033364292348	0.988604701007359	0.21143816532114	0.0323283560763021	0.920125741230264	0.78966921483175	0.996070586554262	0.982139029792098	0.992355504751018	0.986175609059084	0.979352718439666
"B3021"	0.967421590340787	0.203293562906337	0.795884832464099	0.96552832749875	0.93019932842752	0.986568550403658	0.744480960205758	0.984246624276631	0.986961491748232	0.973565764092305	0.801600342930628	0.80456526398514	0.987068657569479	0.165785525469744	0	0.903336429234836	0.444166607130099	0.971851110952347	0.183896549260556	0.979602772022576	0.986354218761163	0.260591555333286	0.271522469100522	0.985496892191184	0.984318068157462	0.980745874115882	0.989640637279417	0.985889833535758	0.991212402657712	0.982710580838751	0.97956705008216	0.975601914696006	0.997070800885904	0.990497963849396	0.920232907051511	0.902229049081946	0.96263485032507	0.948131742516253	0.979495606201329	0.970350789454883	0.987211545331142	0.977173680074302	0.938915481888976	0.989569193398585	0.956847895977709	0.974816032006859	0.987140101450311	0.981674644566693	0.981317425162535	0.980853039937129	0.98178181038794	0.993891548188898	0.984246624276631	0.983389297706651	0.945273987282989	0.98399657069372	0.97599485604058	0.982710580838751	0.922519111238122	0.998856897906694	0.973137100807316	0.562692005429735	0.985389726369936	0.986032721297421	0.983782239051225	0.992819889976424	0.959491319568479	0.900693005644067	0.946309923555048	0.996785025362578	0.990819461313139	0.987925984139458	0.953632921340287	0.49156962206187	0.928877616632135	0.978459669929271	0.982817746659999	0.993677216546403	0.859969993570051	0.986818603986569	0.80345788383225	0.888618989783525	0.990676573551475	0.990283632206902	0.301457455168965	0.172929913552904	0.984175180395799	0.949560620132886	0.992819889976424	0.980317210830892	0.989069086232764	0.983710795170394	0.977066514253054
"B3618"	0.303922269057655	0.753054225905551	0.440344359505608	0.417553761520326	0.209330570836608	0.369472029720654	0.313067085804101	0.377438022433379	0.378509680645853	0.417732371222405	0.740480102879188	0.448524683860827	0.377902407658784	0.745838393941559	0.903336429234836	0	0.554547403014932	0.339608487533043	0.856612131170965	0.981460312924198	0.729692076873616	0.774523112095449	0.780774451668215	0.912016860755876	0.978245338286776	0.908480388654712	0.983746517110809	0.981996142030435	0.985568336072015	0.974923197828106	0.965349717796671	0.969636350646567	0.989426305636922	0.985639779952847	0.87461598914053	0.859684218046724	0.938272486961492	0.875330427948846	0.975887690219333	0.965242551975423	0.981638922626277	0.974387368721869	0.850075016074873	0.984389512038294	0.94952489819247	0.967064370936629	0.912624133742945	0.916946488533257	0.916160605844109	0.370686575694792	0.915267557333714	0.988211759662785	0.978316782167607	0.447345859827106	0.951703936557834	0.378223905122526	0.944702436236336	0.372436950775166	0.918911195256126	0.997463742230478	0.501428877616632	0.440737300850182	0.980602986354219	0.981638922626277	0.978852611273844	0.996070586554262	0.898121025934129	0.915267557333714	0.933485746945774	0.989069086232764	0.985425448310352	0.376795027505894	0.92484103736515	0.461920411516754	0.421018789740659	0.341966135600486	0.918839751375295	0.987925984139458	0.32924912481246	0.378438236765021	0.291526755733371	0.266557119382725	0.763556476387797	0.379259841394585	0.694291633921555	0.742266199899979	0.918375366149889	0.679717082231907	0.99378438236765	0.361827534471672	0.990783739372723	0.393227120097164	0.360470100735872
"B3621"	0.574801743230692	0.290490819461313	0.564620990212188	0.533578623990855	0.571372436950775	0.61891833964421	0.334964635278988	0.619882832035436	0.621133099949989	0.618311066657141	0.83282131885404	0.601700364363792	0.620668714724584	0.449560620132886	0.444166607130099	0.554547403014932	0	0.616417803815103	0.353682932056869	0.990033578623991	0.739801386011288	0.268700435807673	0.263520754447382	0.99242694863185	0.982960634421662	0.988390369364864	0.988390369364864	0.986425662641995	0.990176466385654	0.979638493962992	0.970029291991141	0.974244480960206	0.995284703865114	0.989497749517754	0.860541544616704	0.830856612131171	0.951418161034507	0.882903479316997	0.983210688004572	0.97667357290848	0.986532828463242	0.979709937843824	0.862149031935415	0.989140530113596	0.954311638208187	0.973137100807316	0.994427377295135	0.992248338929771	0.992141173108523	0.61670357933843	0.992176895048939	0.992855611916839	0.982996356362078	0.61781095949132	0.958169607773094	0.620668714724584	0.949453454311638	0.618668286061299	0.902907765949846	0.997249410587983	0.606308494677431	0.139422733442881	0.985318282489105	0.986282774880331	0.983460741587483	0.994391655354719	0.906229906408516	0.870436522111881	0.937129384868186	0.994998928341787	0.990247910266486	0.621526041294563	0.929306279917125	0.101986139887119	0.71833249982139	0.620490105022505	0.992498392512681	0.99267700221476	0.472065442594842	0.620990212188326	0.59848538972637	0.601200257197971	0.763663642209045	0.623955133242838	0.290240765878403	0.446702864899621	0.992462670572265	0.977316567835965	0.994355933414303	0.616882189040509	0.988819032649853	0.618668286061299	0.613595770522255
"B3717"	0.0724440951632493	0.868543259269844	0.652461241694649	0.451382439094092	0.509323426448525	0.0450096449239123	0.285596913624348	0.0536543545045367	0.0564049439165535	0.467028648996213	0.824712438379653	0.580552975637637	0.0556547831678217	0.958991212402658	0.971851110952347	0.339608487533043	0.616417803815103	0	0.904372365506894	0.978388226048439	0.714617418018147	0.811423876544974	0.81546045581196	0.948274630277917	0.963385011073801	0.944666714295921	0.969171965421162	0.96552832749875	0.968921911838251	0.960241480317211	0.954240194327356	0.961706079874259	0.98578266771451	0.982746302779167	0.890405086804315	0.879331285275416	0.934414517396585	0.885332571265271	0.960277202257627	0.951203829392013	0.96756447810245	0.961920411516754	0.864292348360363	0.969707794527399	0.957919554190184	0.957990998071015	0.961706079874259	0.962849181967565	0.962170465099664	0.0486175609059084	0.96109880688719	0.971386725726942	0.963599342716296	0.42994927484461	0.943595056083446	0.054868900478674	0.939094091591055	0.0508323212116882	0.932485532614132	0.996749303422162	0.495463313567193	0.618704008001715	0.96509966421376	0.966564263770808	0.964206615703365	0.990712295491891	0.901336000571551	0.931163820818747	0.94977495177538	0.981138815460456	0.970958062441952	0.0589054797456598	0.937950989497749	0.517610916624991	0.717510895191827	0.0328641851825391	0.966242766307066	0.971351003786526	0.150032149746374	0.0557976709294849	0.257626634278774	0.239551332428378	0.763520754447382	0.0597628063156391	0.9055154676002	0.956633564335215	0.965278273915839	0.967421590340787	0.988247481603201	0.205758376795028	0.987282989211974	0.374687433021362	0.104415231835393
"B3721"	0.866900050010717	0.138208187468743	0.865971279559906	0.866828606129885	0.876759305565478	0.911552475530471	0.64163749374866	0.914374508823319	0.915624776737872	0.907551618203901	0.904658141030221	0.905193970136458	0.915053225691219	0.291491033792956	0.183896549260556	0.856612131170965	0.353682932056869	0.904372365506894	0	0.9875687647353	0.911195256126313	0.159141244552404	0.165178252482675	0.987604486675716	0.983425019647067	0.984139458455383	0.988854754590269	0.987175823390727	0.99064085161106	0.980210045009645	0.970493677216546	0.974923197828106	0.994534543116382	0.989890690862328	0.859255554761735	0.840072872758448	0.947524469529185	0.881010216474959	0.981996142030435	0.974351646781453	0.987247267271558	0.980174323069229	0.873615774808888	0.989569193398585	0.957919554190184	0.972244052296921	0.98799742802029	0.988176037722369	0.988068871901122	0.908337500893049	0.988176037722369	0.993355719082661	0.983389297706651	0.910980924483818	0.962241908980496	0.91530327927413	0.950382224762449	0.909552046867186	0.902121883260699	0.996785025362578	0.898942630563692	0.487675930556548	0.986282774880331	0.98731871115239	0.984318068157462	0.99557047938844	0.903765092519826	0.874115881974709	0.940380081446024	0.994177323712224	0.992748446095592	0.915053225691219	0.93395013217118	0.403086375651925	0.897013645781239	0.908016003429306	0.989676359219833	0.993069943559334	0.765199685646924	0.915553332857041	0.902300492962778	0.906730013574337	0.916589269129099	0.916089161963278	0.22719154104451	0.318639708508966	0.988461813245695	0.990247910266486	0.994820318639709	0.907444452382653	0.990998071015218	0.911195256126313	0.906872901336001
"B4121"	0.979352718439666	0.97199399871401	0.965385439737087	0.978995499035508	0.965421161677502	0.989497749517754	0.982424805315425	0.979102664856755	0.992784168036008	0.980531542473387	0.96484961063085	0.981281703222119	0.991748231763949	0.981960420090019	0.979602772022576	0.981460312924198	0.990033578623991	0.978388226048439	0.9875687647353	0	0.683932271200972	0.984103736514968	0.985854111595342	0.982246195613346	0.965028220332928	0.974030149317711	0.974494534543116	0.965385439737087	0.96177752375509	0.96109880688719	0.956454954633136	0.965992712724155	0.99557047938844	0.991105236836465	0.964921054511681	0.965885546902908	0.956776452096878	0.948131742516253	0.961420304350932	0.963385011073801	0.971708223190684	0.962027577338001	0.958669714938916	0.95888404658141	0.959062656283489	0.963206401371723	0.985068228906194	0.969386297063657	0.96910052154033	0.972887047224405	0.969350575123241	0.964885332571265	0.962349074801743	0.972744159462742	0.967100092877045	0.991283846538544	0.629599199828535	0.987890262199043	0.959919982853469	0.998642566264199	0.96263485032507	0.99267700221476	0.95599056940773	0.962063299278417	0.96374223047796	0.981853254268772	0.937165106808602	0.95463313567193	0.912302636279203	0.994963206401372	0.990390798028149	0.994177323712224	0.964599557047939	0.983925126812888	0.959384153747232	0.982281917553761	0.968600414374509	0.975459026934343	0.994105879831392	0.986425662641995	0.976709294848896	0.96509966421376	0.99532042580553	0.994998928341787	0.993391441023076	0.982281917553761	0.982139029792098	0.968957633778667	0.98178181038794	0.987497320854469	0.322533400014289	0.977602343359291	0.990855183253554
"B4321"	0.741516039151247	0.888726155604772	0.740658712581267	0.741551761091663	0.740622990640852	0.732371222404801	0.741480317210831	0.741551761091663	0.742694863184968	0.741766092734157	0.853540044295206	0.740444380938773	0.741944702436236	0.985818389654926	0.986354218761163	0.729692076873616	0.739801386011288	0.714617418018147	0.911195256126313	0.683932271200972	0	0.774023004929628	0.780953061370294	0.947953132814174	0.9061941844681	0.912802743445024	0.911516753590055	0.908194613131385	0.911338143887976	0.902550546545688	0.896442094734586	0.903836536400657	0.986175609059084	0.985639779952847	0.840322926341359	0.837572336929342	0.886154175894835	0.832499821390298	0.906122740587269	0.901193112809888	0.910087875973423	0.906087018646853	0.829999285561192	0.913052797027935	0.902371936843609	0.901228834750304	0.986675716224905	0.993069943559334	0.991641065942702	0.73987282989212	0.991498178181039	0.913159962849182	0.905979852825605	0.664320925912696	0.926591412445524	0.741694648853326	0.942023290705151	0.74055154676002	0.881796099164107	0.99599914267343	0.686682860612988	0.737300850182182	0.908266057012217	0.909373437165107	0.906765735514753	0.994820318639709	0.855683360720154	0.891691076659284	0.893191398156748	0.981496034864614	0.970993784382368	0.741516039151247	0.88108166035579	0.741551761091663	0.747660212902765	0.741694648853326	0.995141816103451	0.912874187325856	0.742444809602058	0.742873472887047	0.737300850182182	0.740730156462099	0.762842037579481	0.742551975423305	0.905479745659784	0.983139244123741	0.993820104308066	0.99557047938844	0.992034007287276	0.650139315567622	0.990140744445238	0.649889261984711	0.652997070800886
"B4417"	0.789347717368007	0.116667857398014	0.776666428520397	0.77680931628206	0.801743230692291	0.836250625133957	0.551868257483747	0.844252339787097	0.844538115310424	0.832749874973209	0.842823462170465	0.830213617203686	0.84439522754876	0.286097020790169	0.260591555333286	0.774523112095449	0.268700435807673	0.811423876544974	0.159141244552404	0.984103736514968	0.774023004929628	0	0.0227548760448668	0.941273129956419	0.920697292276916	0.917553761520326	0.926234193041366	0.924483817960992	0.928056012002572	0.917303707937415	0.907837393727227	0.911981138815461	0.990497963849396	0.987925984139458	0.795991998285347	0.770950918053869	0.880617275130385	0.817710938058155	0.918768307494463	0.90908766164178	0.924162320497249	0.916982210473673	0.793812959919983	0.926912909909266	0.894584553832964	0.909409159105523	0.980602986354219	0.985961277416589	0.985175394727442	0.838215331856827	0.984282346217046	0.930735157533757	0.920804458098164	0.775987711652497	0.922411945416875	0.844466671429592	0.935879116953633	0.83946559977138	0.838929770665143	0.998999785668357	0.788847610202186	0.40330070729442	0.923019218403944	0.924126598556834	0.921197399442738	0.998499678502536	0.840465814103022	0.816246338501107	0.877152246910052	0.985711223833679	0.973744373794384	0.842966349932128	0.870793741516039	0.331499607058655	0.822176180610131	0.832749874973209	0.987104379509895	0.930449382010431	0.694255911981139	0.844359505608345	0.827891691076659	0.83171393870115	0.844966778595413	0.844573837250839	0.207758805458312	0.313852968493249	0.987497320854469	0.987675930556548	0.996142030435093	0.770307923126384	0.99267700221476	0.774380224333786	0.76745016789312
"B4421"	0.797385153961563	0.120204329499178	0.774058726870044	0.775166107022934	0.809852111166679	0.833285704079446	0.555797670929485	0.849467743087804	0.850825176823605	0.840894477388012	0.843609344859613	0.838108166035579	0.849896406372794	0.288347503036365	0.271522469100522	0.780774451668215	0.263520754447382	0.81546045581196	0.165178252482675	0.985854111595342	0.780953061370294	0.0227548760448668	0	0.933128527541616	0.91462456240623	0.91394584553833	0.920090019289848	0.918446810030721	0.921804672429806	0.911373865828392	0.901693219975709	0.905979852825605	0.979531328141745	0.976959348431807	0.790205043937987	0.765271129527756	0.876902193327141	0.811852539829964	0.91308851896835	0.903407873115668	0.918161034507394	0.91130242194756	0.788168893334286	0.920625848396085	0.888904765306851	0.903372151175252	0.973208544688147	0.983353575766236	0.98263913695792	0.843002071872544	0.980352932771308	0.924626705722655	0.914660284346646	0.776702150460813	0.911873972994213	0.850289347717368	0.925376866471387	0.844538115310424	0.83324998213903	0.996392084018004	0.784418089590627	0.389726369936415	0.917339429877831	0.918446810030721	0.915410445095378	0.99353432878474	0.834750303636493	0.805601200257198	0.871508180324355	0.974673144245195	0.963206401371723	0.849789240551547	0.865292562692005	0.338036722154747	0.830106451382439	0.84082303350718	0.98799742802029	0.924198042437665	0.700185754090162	0.850682289061942	0.834500250053583	0.83971565335429	0.851432449810674	0.850932342644853	0.195649067657355	0.316174894620276	0.983603629349146	0.988568979066943	0.985389726369936	0.777738086732871	0.990712295491891	0.778381081660356	0.77723797956705
