""	"A0121"	"A1316"	"A6620"	"A6820"	"B0121"	"B0521"	"B0721"	"B0817"	"B0818"	"B0821"	"B1521"	"B1621"	"B1921"	"B3017"	"B3021"	"B3618"	"B3621"	"B3717"	"B3721"	"B4121"	"B4321"	"B4417"	"B4421"	"A0102"	"A1301"	"A6601"	"A6801"	"B0102"	"B0501"	"B0701"	"B0801"	"B1501"	"B1601"	"B1603"	"B1901"	"B1902"	"B3001"	"B3002"	"B3601"	"B3603"	"B3701"	"B3703"	"B4101"	"B4102"	"B4303"	"B4403"	"A0107"	"A1307"	"A6608"	"A6805"	"B0108"	"B0508"	"B0706"	"B0809"	"B1504"	"B1508"	"B1604"	"B1607"	"B1904"	"B1907"	"B3004"	"B3007"	"B3604"	"B3607"	"B3704"	"B3707"	"B4105"	"B4107"	"B4304"	"B4307"	"B4404"	"B4407"	"A0113"	"A1314"	"A6613"	"A6812"	"B0114"	"B0514"	"B0714"	"B0815"	"B1515"	"B1615"	"B1910"	"B1914"	"B3010"	"B3014"	"B3610"	"B3614"	"B3710"	"B3714"	"B4113"	"B4314"	"B4414"
"A0121"	0	0.864792455526184	0.655676216332071	0.468814746017004	0.482460527255841	0.10205758376795	0.336643566478531	0.11005929842109	0.100771593912981	0.542437665213974	0.848538972636994	0.632028291776809	0.100592984210902	0.984996785025363	0.986782882046153	0.380652997070801	0.642209044795313	0.126134171608202	0.910409373437165	0.99199828534686	0.763163535043224	0.849967850253626	0.852718439665643	0.995677645209688	0.987783096377795	0.941737515181825	0.992319782810602	0.989676359219833	0.993498606844324	0.984818175323284	0.979959991426734	0.986675716224905	0.998142459098378	0.993498606844324	0.924198042437665	0.911588197470887	0.969922126169894	0.918303922269058	0.987747374437379	0.983067800242909	0.992391226691434	0.9875687647353	0.901336000571551	0.993355719082661	0.983425019647067	0.983282131885404	0.996034864613846	0.94288061727513	0.942666285632636	0.121025934128742	0.942523397870972	0.994784596699293	0.988247481603201	0.49199828534686	0.97131528184611	0.119454168750447	0.963027791669643	0.105415446167036	0.960170036436379	0.999071229549189	0.564585268271773	0.639101235979138	0.989819246981496	0.991712509823534	0.989069086232764	0.997035078945488	0.932664142316211	0.957812388368936	0.975173251411017	0.997749517753804	0.996284918196756	0.106772879902836	0.961313138529685	0.527112952775595	0.684182324783882	0.11584625276845	0.94195184682432	0.994713152818461	0.198649710652283	0.100735871972566	0.344038008144602	0.301778952632707	0.785632635564764	0.102379081231693	0.900335786239909	0.983067800242909	0.943452168321783	0.943380724440952	0.997035078945488	0.3096735014646	0.990497963849396	0.454740301493177	0.213474315924841
"A1316"	0.864792455526184	0	0.796277773808673	0.868936200614417	0.78056012002572	0.889547760234336	0.605165392584125	0.890155033221405	0.890905193970136	0.889762091876831	0.801421733228549	0.802493391441023	0.890940915910552	0.227262984925341	0.217189397728085	0.755554761734657	0.293455740515825	0.872508394655998	0.144066585696935	0.994534543116382	0.890012145459741	0.127241551761092	0.129420590126456	0.995749089090519	0.984353790097878	0.976316353504322	0.990748017432307	0.987604486675716	0.99156962206187	0.981281703222119	0.971815389011931	0.968314638851182	0.997392298349646	0.99156962206187	0.860112881331714	0.835000357219404	0.94773880117168	0.882474816032007	0.977816675001786	0.971636779309852	0.980245766950061	0.974351646781453	0.86150603700793	0.983032078302493	0.950703722226191	0.965706937200829	0.995963420733014	0.979674215903408	0.978459669929271	0.889011931128099	0.978245338286776	0.995177538043867	0.984853897263699	0.887618775451883	0.951953990140744	0.890726584268057	0.942916339215546	0.88951203829392	0.896727870257912	0.99821390297921	0.867400157176538	0.375616203472173	0.980138601128813	0.981567478745445	0.977495177538044	0.996963635064657	0.903157819532757	0.867185825534043	0.934057297992427	0.996927913124241	0.991498178181039	0.889119096949346	0.929377723797957	0.365042509109095	0.784596699292706	0.889833535757662	0.968921911838251	0.994320211473887	0.740873044223762	0.891083803672216	0.832892762734872	0.841001643209259	0.892012574123026	0.891583910838037	0.140351503893691	0.254375937700936	0.980888761877545	0.909766378509681	0.996892191183825	0.885546902907766	0.992105451168107	0.889404872472673	0.884118025291134
"A6620"	0.655676216332071	0.796277773808673	0	0.499249839251268	0.339858541115953	0.669143387868829	0.663892262627706	0.667785954133029	0.670000714438808	0.663392155461885	0.728906194184468	0.537293705794099	0.670393655783382	0.859934271629635	0.905586911481032	0.46042009001929	0.648674716010574	0.659427020075731	0.904872472672716	0.991176680717297	0.75187540187183	0.839929984996785	0.845859827105808	0.992819889976424	0.985889833535758	0.982853468600414	0.992534114453097	0.987282989211974	0.991391012359791	0.982246195613346	0.976959348431807	0.975887690219333	0.997320854468815	0.993284275201829	0.904443809387726	0.891333857255126	0.957348003143531	0.901478888333214	0.9737800957348	0.968564692434093	0.982674858898335	0.973815817675216	0.88126027005787	0.984210902336215	0.97156533542902	0.964278059584197	0.993069943559334	0.982782024719583	0.980602986354219	0.665964135171823	0.979602772022576	0.994748874758877	0.98663999428449	0.665999857112238	0.946381367435879	0.66853611488176	0.937343716510681	0.665571193827249	0.945738372508395	0.998285346860041	0.651532471243838	0.538436807887404	0.979459884260913	0.980352932771308	0.977923840823034	0.995070372222619	0.917375151818247	0.943916553547189	0.963385011073801	0.997035078945488	0.991676787883118	0.669107665928413	0.954704579552761	0.644745302564835	0.459777095091805	0.66675001786097	0.866114167321569	0.994355933414303	0.667571622490534	0.670572265485461	0.566442809173394	0.615524755304708	0.774916053440023	0.671250982353361	0.746124169464885	0.85725512609845	0.98578266771451	0.790026434235908	0.995106094163035	0.665535471886833	0.991712509823534	0.669500607272987	0.67050082160463
"A6820"	0.468814746017004	0.868936200614417	0.499249839251268	0	0.492534114453097	0.479531328141745	0.465814103022076	0.479388440380081	0.479745659784239	0.495106094163035	0.828284632421233	0.584946774308781	0.480138601128813	0.972601271701079	0.976780738729728	0.444952489819247	0.614703150675145	0.453204258055298	0.904872472672716	0.980567264413803	0.741908980495821	0.829856397799528	0.838072444095163	0.98510395084661	0.988819032649853	0.953311423876545	0.99242694863185	0.989140530113596	0.994677430878045	0.985818389654926	0.97999571336715	0.9875687647353	0.998714010145031	0.99378438236765	0.914731728227477	0.902764878188183	0.959634207330142	0.909873544330928	0.985854111595342	0.976780738729728	0.993248553261413	0.987461598914053	0.88994070157891	0.994498821175966	0.98356790740873	0.983817960991641	0.985211116667857	0.952382653425734	0.951168107451597	0.474530256483532	0.95131099521326	0.994927484460956	0.989390583696506	0.478316782167607	0.966278488247482	0.479709937843824	0.960241480317211	0.475816246338501	0.95641923269272	0.998999785668357	0.529434878902622	0.620490105022505	0.990497963849396	0.99199828534686	0.989854968921912	0.995891976852183	0.926591412445524	0.954740301493177	0.974244480960206	0.998356790740873	0.99642780595842	0.481853254268772	0.960813031363864	0.516324926770022	0.702293348574695	0.469386297063656	0.950739444166607	0.994677430878045	0.477602343359291	0.480210045009645	0.455168964778167	0.434485961277417	0.763699364149461	0.482960634421662	0.90440808744731	0.969886404229478	0.961170250768022	0.962384796742159	0.995856254911767	0.475780524398085	0.990355076087733	0.480174323069229	0.479781381724655
"B0121"	0.482460527255841	0.78056012002572	0.339858541115953	0.492534114453097	0	0.539615631921126	0.514074444523827	0.540472958491105	0.541044509537758	0.516932199757091	0.750053582910624	0.514038722583411	0.540830177895263	0.839608487533043	0.941487461598914	0.252339787097235	0.607773094234479	0.513217117953847	0.903586482817747	0.982496249196256	0.74301636064871	0.826927198685433	0.831142387654497	0.974173037079374	0.986497106522826	0.935271843966564	0.993177109380582	0.989604915339001	0.992105451168107	0.983032078302493	0.977566621418876	0.976280631563907	0.997642351932557	0.993748660427234	0.904765306851468	0.893405729799243	0.950668000285775	0.901800385796957	0.974565978423948	0.965814103022076	0.98288919054083	0.974816032006859	0.88193898692577	0.98467528756162	0.972172608416089	0.964813888690434	0.974315924841037	0.938593984425234	0.921304565263985	0.534185896977924	0.914088733299993	0.99532042580553	0.987247267271558	0.538186754304494	0.950739444166607	0.540937343716511	0.93684360934486	0.534650282203329	0.946595699078374	0.998642566264199	0.529827820247196	0.489283417875259	0.980281488890477	0.980995927698793	0.978459669929271	0.997749517753804	0.918125312566979	0.944523826534257	0.964385225405444	0.997356576409231	0.99199828534686	0.539401300278631	0.955704793884404	0.52043294991784	0.32771308137458	0.517896692148317	0.771736800743016	0.994963206401372	0.535186111309566	0.540937343716511	0.459634207330142	0.435414731728227	0.76591412445524	0.5413660070015	0.732799885689791	0.8365721225977	0.947453025648353	0.664606701436022	0.997678073872973	0.535757662356219	0.992284060870187	0.539901407444452	0.540615846252768
"B0521"	0.10205758376795	0.889547760234336	0.669143387868829	0.479531328141745	0.539615631921126	0	0.301850396513539	0.0344359505608345	0.029613488604701	0.496534971779667	0.851789669214832	0.609844966778595	0.0281846109880689	0.988354647424448	0.99021218832607	0.377045081088805	0.619132671286704	0.0754804600985926	0.912981353147103	0.990962349074802	0.740265771236694	0.844180895906266	0.839965706937201	0.97199399871401	0.963277845252554	0.970029291991141	0.965171108094592	0.964028006001286	0.969279131242409	0.960955919125527	0.954668857612346	0.962527684503822	0.976209187683075	0.973065656926484	0.896049153390012	0.88261770379367	0.944238051010931	0.889226262770594	0.964313781524612	0.9593127098664	0.96867185825534	0.964599557047939	0.87436593555762	0.970958062441952	0.959205544045153	0.96109880688719	0.97599485604058	0.98731871115239	0.985925555476173	0.0459384153747232	0.983675073229978	0.966599985711224	0.963563620775881	0.426377080803029	0.944309494891763	0.0450096449239123	0.93462884903908	0.03379295563335	0.936736443523612	0.997070800885904	0.496606415660499	0.612917053654355	0.966314210187897	0.967814531685361	0.965313995856255	0.990033578623991	0.906551403872258	0.931699649924984	0.95173965849825	0.973994427377295	0.972958491105237	0.0351861113095663	0.935200400085733	0.527505894120169	0.747481603200686	0.0455454740301493	0.992284060870187	0.966314210187897	0.150103593627206	0.0306851468171751	0.287347288704722	0.269950703722226	0.763699364149461	0.0322211902550547	0.906301350289348	0.985175394727442	0.989462027577338	0.993177109380582	0.979388440380081	0.238193898692577	0.987461598914053	0.396477816675002	0.139494177323712
"B0721"	0.336643566478531	0.605165392584125	0.663892262627706	0.465814103022076	0.514074444523827	0.301850396513539	0	0.302386225619776	0.302850610845181	0.484282346217047	0.851611059512753	0.594520254340216	0.302457669500607	0.743159248410374	0.746231335286133	0.345359719939987	0.337643780810174	0.301600342930628	0.649567764520969	0.98288919054083	0.741623204972494	0.554190183610774	0.556869329141959	0.982246195613346	0.987818818318211	0.981746088447524	0.992855611916839	0.990855183253554	0.995391869686361	0.984853897263699	0.974958919768522	0.979817103665071	0.998714010145031	0.993319997142245	0.865578338215332	0.841466028434665	0.948024576695006	0.885975566192756	0.987282989211974	0.977852396942202	0.992319782810602	0.985461170250768	0.866399942844895	0.995356147745946	0.962277630920912	0.97956705008216	0.98263913695792	0.986461384582411	0.98221047367293	0.296777880974495	0.982281917553761	0.996856469243409	0.987854540258627	0.456526398513967	0.966564263770808	0.302743445023934	0.95377580910195	0.297528041723226	0.908658998356791	0.998999785668357	0.511073801528899	0.339286990069301	0.990998071015218	0.991712509823534	0.98953347145817	0.998535400442952	0.910909480602986	0.878545402586268	0.945595484746731	0.998535400442952	0.998178181038794	0.302922054726013	0.938808316067729	0.26855754804601	0.733942987783096	0.285989854968922	0.981710366507109	0.996534971779667	0.152568407515896	0.302672001143102	0.295384725298278	0.286097020790169	0.763663642209045	0.303386439951418	0.623240694434522	0.74012288347503	0.994320211473887	0.995963420733014	0.998428234621705	0.302064728156033	0.992141173108523	0.409159105522612	0.295563335000357
"B0817"	0.11005929842109	0.890155033221405	0.667785954133029	0.479388440380081	0.540472958491105	0.0344359505608345	0.302386225619776	0	0.0203257840965921	0.493748660427234	0.841180252911338	0.607915981996142	0.0169321997570908	0.985496892191184	0.987711652496964	0.378295349003358	0.62027577338001	0.0577266557119383	0.91462456240623	0.979424162320497	0.742159034078731	0.84439522754876	0.849860684432378	0.998035293277131	0.989604915339001	0.996356362077588	0.979424162320497	0.98842609130528	0.995641923269272	0.98731871115239	0.980781596056298	0.988497535186111	0.997856683575052	0.993141387440166	0.921626062727727	0.908230335071801	0.969886404229478	0.914874615989141	0.99021218832607	0.984961063084947	0.994605986997214	0.990319354147317	0.899907122954919	0.99667785954133	0.984996785025363	0.986818603986569	0.998285346860041	0.979852825605487	0.97956705008216	0.0349717796670715	0.979888547545903	0.981031649639208	0.989926412802743	0.43887975994856	0.955026077016504	0.0237550903765093	0.947453025648353	0.0183610773737229	0.962313352861327	0.997999571336715	0.521897549474887	0.623705079659927	0.992141173108523	0.993712938486819	0.991033792955633	0.979459884260913	0.932235479031221	0.957240837322283	0.977245123955133	0.997820961634636	0.997606629992141	0.0210045009644924	0.949346288490391	0.52800600128599	0.746874330213617	0.0379367007215832	0.990533685789812	0.980710152175466	0.150425091090948	0.0331499607058655	0.288347503036365	0.258269629206259	0.763627920268629	0.0216832178323927	0.908301778952633	0.983639351289562	0.994677430878045	0.982603415017504	0.978924055154676	0.237086518539687	0.975637636636422	0.389726369936415	0.129884975351861
"B0818"	0.100771593912981	0.890905193970136	0.670000714438808	0.479745659784239	0.541044509537758	0.029613488604701	0.302850610845181	0.0203257840965921	0	0.495891976852183	0.854433092805601	0.610452239765664	0.0114667428734729	0.987533042794885	0.989390583696506	0.379152675573337	0.621240265771237	0.0626562834893191	0.915696220618704	0.992891333857255	0.743052082589126	0.844609559191255	0.851075230406516	0.999035507608773	0.990926627134386	0.997642351932557	0.994427377295135	0.990605129670644	0.996892191183825	0.988604701007359	0.982246195613346	0.989926412802743	0.999249839251268	0.994605986997214	0.923126384225191	0.909694934628849	0.971422447667357	0.91641065942702	0.991641065942702	0.986568550403658	0.996106308494677	0.991783953704365	0.901443166392798	0.998321068800457	0.986532828463242	0.988354647424448	0.999249839251268	0.995891976852183	0.995820532971351	0.0494034435950561	0.996034864613846	0.995891976852183	0.991212402657712	0.454811745374009	0.972029720654426	0.0295777666642852	0.962456240622991	0.0182896334928913	0.963813674358791	0.999392727012931	0.523362149031935	0.625169679216975	0.993605772665571	0.995141816103451	0.992605558333929	0.995963420733014	0.933700078588269	0.958776880760163	0.978709723512181	0.999249839251268	0.999035507608773	0.0197899549903551	0.964313781524612	0.528291776809316	0.748374651711081	0.0381867543044938	0.995463313567193	0.995606201328856	0.150889476316353	0.0199328427520183	0.290455097520897	0.269807815960563	0.763520754447382	0.00396513538615418	0.909194827463028	0.984353790097878	0.996749303422162	0.996820747302994	0.995891976852183	0.23833678645424	0.990569407730228	0.40440808744731	0.131492462670572
"B0821"	0.542437665213974	0.889762091876831	0.663392155461885	0.495106094163035	0.516932199757091	0.496534971779667	0.484282346217047	0.493748660427234	0.495891976852183	0	0.846645709794956	0.247695934843181	0.49642780595842	0.90908766164178	0.977030792312638	0.494534543116382	0.6213831535329	0.494248767593056	0.915267557333714	0.980995927698793	0.742194756019147	0.834143030649425	0.842323355004644	0.511823962277631	0.989569193398585	0.98331785382582	0.993641494605987	0.989176252054012	0.995248981924698	0.986604272344074	0.980567264413803	0.988604701007359	0.998678288204615	0.99421304565264	0.918161034507394	0.906372794170179	0.96042009001929	0.912159748517539	0.987247267271558	0.978423947988855	0.994677430878045	0.988890476530685	0.896942201900407	0.997499464170894	0.984282346217046	0.987104379509895	0.512038293920126	0.981746088447524	0.975137529470601	0.491391012359791	0.910016432092591	0.995749089090519	0.989962134743159	0.505072515539044	0.966814317353719	0.493712938486819	0.962313352861327	0.491140958776881	0.960777309423448	0.999106951489605	0.522111881117382	0.62470529399157	0.991426734300207	0.992641280274345	0.991212402657712	0.994177323712224	0.930520825891262	0.95599056940773	0.976137743802243	0.998428234621705	0.997963849396299	0.49821390297921	0.963206401371723	0.531756805029649	0.737122240480103	0.462134743159248	0.806172751303851	0.995606201328856	0.497392298349646	0.496892191183825	0.473137100807316	0.371758233907266	0.763699364149461	0.498642566264199	0.908909051939701	0.904550975208973	0.992569836393513	0.993248553261413	0.993998714010145	0.496142030435093	0.990819461313139	0.496606415660499	0.496820747302994
"B1521"	0.848538972636994	0.801421733228549	0.728906194184468	0.828284632421233	0.750053582910624	0.851789669214832	0.851611059512753	0.841180252911338	0.854433092805601	0.846645709794956	0	0.641744659569908	0.853861541758948	0.813567192969922	0.841751803957991	0.756912195470458	0.835786239908552	0.831428163177824	0.907587340144317	0.976173465742659	0.854754590269343	0.8523969422019	0.851146674287347	0.990748017432307	0.987925984139458	0.97063656497821	0.980638708294635	0.987140101450311	0.993748660427234	0.984711009502036	0.979031220975923	0.9855326141316	0.99710652282632	0.986711438165321	0.908337500893049	0.890726584268057	0.962527684503822	0.898692576980782	0.981317425162535	0.970600843037794	0.991498178181039	0.981853254268772	0.882331928270344	0.994141601771808	0.97642351932557	0.980960205758377	0.99089090519397	0.953275701936129	0.951203829392013	0.838143887975995	0.948274630277917	0.982567693077088	0.98842609130528	0.839644209473459	0.873079945702651	0.849646352789884	0.944702436236336	0.849289133385726	0.948774737443738	0.998071015217547	0.849574908909052	0.778452525541187	0.987747374437379	0.988926198471101	0.987140101450311	0.977566621418876	0.924233764378081	0.949346288490391	0.967385868400372	0.996820747302994	0.992391226691434	0.85571908266057	0.945452596985068	0.841573194255912	0.760055726227049	0.852111166678574	0.9599914267343	0.982746302779167	0.856219189826391	0.848574694577409	0.658962634850325	0.739051225262556	0.858041008787597	0.857790955204687	0.830856612131171	0.785704079445596	0.970386511395299	0.885689790669429	0.977316567835965	0.848860470100736	0.97863827963135	0.84235907694506	0.85350432235479
"B1621"	0.632028291776809	0.802493391441023	0.537293705794099	0.584946774308781	0.514038722583411	0.609844966778595	0.594520254340216	0.607915981996142	0.610452239765664	0.247695934843181	0.641744659569908	0	0.610630849467743	0.761055940558691	0.816782167607344	0.514110166464242	0.60495106094163	0.591448167464457	0.908694720297207	0.982246195613346	0.741587483032078	0.833464313781525	0.841358862613417	0.638958348217475	0.988604701007359	0.965492605558334	0.994284489533471	0.990069300564407	0.994320211473887	0.9855326141316	0.979709937843824	0.986425662641995	0.997642351932557	0.994641708937629	0.909659212688433	0.892084018003858	0.958598271058084	0.90440808744731	0.982246195613346	0.96977923840823	0.992498392512681	0.983746517110809	0.884010859469886	0.994820318639709	0.977459455597628	0.98288919054083	0.639136957919554	0.965671215260413	0.959134100164321	0.605201114524541	0.893977280845896	0.996284918196756	0.989140530113596	0.609309137672358	0.93709366292777	0.607201543187826	0.96263485032507	0.604129456312067	0.95131099521326	0.998535400442952	0.607451596770737	0.549439165535472	0.988533257126527	0.989747803100664	0.988176037722369	0.994427377295135	0.925591198113882	0.95173965849825	0.969207687361577	0.997428020290062	0.993319997142245	0.609237693791527	0.959348431806816	0.620740158605415	0.645959848538973	0.574980352932771	0.791240980210045	0.996320640137172	0.611023790812317	0.611202400514396	0.414338786882903	0.384189469171965	0.763735086089876	0.611273844395228	0.834035864828177	0.75612631278131	0.977066514253054	0.898585411159534	0.994391655354719	0.605701221690362	0.992105451168107	0.609987854540259	0.610952346931485
"B1921"	0.100592984210902	0.890940915910552	0.670393655783382	0.480138601128813	0.540830177895263	0.0281846109880689	0.302457669500607	0.0169321997570908	0.0114667428734729	0.49642780595842	0.853861541758948	0.610630849467743	0	0.988318925484032	0.99046224190898	0.378509680645853	0.620847324426663	0.0560120025719797	0.915196113452883	0.991962563406444	0.742301921840394	0.844430949489176	0.850217903836536	0.998356790740873	0.989997856683575	0.996785025362578	0.992712724155176	0.990748017432307	0.995963420733014	0.987818818318211	0.981388869043366	0.988926198471101	0.998321068800457	0.993677216546403	0.922269057655212	0.90883760805887	0.970529399156962	0.915410445095378	0.990748017432307	0.985639779952847	0.995141816103451	0.990855183253554	0.900621561763235	0.997499464170894	0.985496892191184	0.987461598914053	0.998642566264199	0.995606201328856	0.995427591626777	0.0480460098592556	0.995606201328856	0.994177323712224	0.990390798028149	0.454097306565693	0.971100950203615	0.0201114524540973	0.960634421661785	0.00932342644852468	0.96288490390798	0.998535400442952	0.52246910052154	0.624312352646996	0.99267700221476	0.994177323712224	0.991641065942702	0.99532042580553	0.93284275201829	0.957812388368936	0.977816675001786	0.998428234621705	0.998142459098378	0.0158962634850325	0.962849181967565	0.528291776809316	0.748946202757734	0.0380438665428306	0.995070372222619	0.993891548188898	0.150567978852611	0.0293634350217904	0.289526327070086	0.269450596556405	0.763520754447382	0.0117882403372151	0.908730442237622	0.985175394727442	0.99532042580553	0.99557047938844	0.995034650282203	0.237157962420519	0.988783310709438	0.402693434307352	0.130456526398514
"B3017"	0.984996785025363	0.227262984925341	0.859934271629635	0.972601271701079	0.839608487533043	0.988354647424448	0.743159248410374	0.985496892191184	0.987533042794885	0.90908766164178	0.813567192969922	0.761055940558691	0.988318925484032	0	0.18250339358434	0.826498535400443	0.449882117596628	0.983925126812888	0.29834964635279	0.982174751732514	0.987175823390727	0.289740658712581	0.29213402872044	0.921983282131885	0.988176037722369	0.980102879188398	0.993570050725155	0.990283632206902	0.995677645209688	0.985746945774094	0.982031863970851	0.978995499035508	0.999178395370437	0.994070157890977	0.92305494034436	0.905729799242695	0.964563835107523	0.950132171179539	0.984532399799957	0.974280202900622	0.991105236836465	0.982353361434593	0.946059869972137	0.994641708937629	0.9593127098664	0.978031006644281	0.922126169893549	0.98221047367293	0.975601914696006	0.983139244123741	0.918339644209473	0.99778523969422	0.988390369364864	0.985461170250768	0.949739229834965	0.985854111595342	0.977959562763449	0.982710580838751	0.925305422590555	0.999249839251268	0.97488747588769	0.478816889333429	0.989497749517754	0.990105022504822	0.987961706079874	0.99642780595842	0.963099235550475	0.902586268486104	0.948560405801243	0.998714010145031	0.994641708937629	0.986532828463242	0.956383510752304	0.502143316424948	0.852468386082732	0.952311209544902	0.919911409587769	0.997606629992141	0.864220904479531	0.988461813245695	0.834178752589841	0.84414517396585	0.989069086232764	0.988819032649853	0.219225548331785	0.0346502822033293	0.992855611916839	0.867935986282775	0.996070586554262	0.985568336072015	0.992605558333929	0.987533042794885	0.980745874115882
"B3021"	0.986782882046153	0.217189397728085	0.905586911481032	0.976780738729728	0.941487461598914	0.99021218832607	0.746231335286133	0.987711652496964	0.989390583696506	0.977030792312638	0.841751803957991	0.816782167607344	0.99046224190898	0.18250339358434	0	0.918911195256126	0.448560405801243	0.987675930556548	0.191933985854112	0.983639351289562	0.989176252054012	0.263556476387797	0.274487390155033	0.987783096377795	0.986568550403658	0.983817960991641	0.99242694863185	0.98799742802029	0.993177109380582	0.984889619204115	0.981638922626277	0.976995070372223	0.998714010145031	0.992784168036008	0.922983496463528	0.906015574766021	0.963063513610059	0.949596342073301	0.980995927698793	0.972029720654426	0.988390369364864	0.978852611273844	0.945452596985068	0.991891119525613	0.957848110309352	0.978102450525113	0.987925984139458	0.984925341144531	0.984853897263699	0.984853897263699	0.984782453382868	0.996534971779667	0.98663999428449	0.986925769807816	0.946524255197542	0.987461598914053	0.976602129027649	0.983960848753304	0.925269700650139	0.999285561191684	0.973601486032721	0.566371365292563	0.986104165178253	0.986747160105737	0.985318282489105	0.995891976852183	0.963027791669643	0.901336000571551	0.948024576695006	0.998249624919626	0.993284275201829	0.988176037722369	0.955383296420662	0.497820961634636	0.94220190040723	0.979459884260913	0.983353575766236	0.995856254911767	0.861541758948346	0.990355076087733	0.844252339787097	0.892762734871758	0.990676573551475	0.990497963849396	0.307815960562978	0.214295920554405	0.994105879831392	0.963563620775881	0.995677645209688	0.989140530113596	0.992641280274345	0.989283417875259	0.982746302779167
"B3618"	0.380652997070801	0.755554761734657	0.46042009001929	0.444952489819247	0.252339787097235	0.377045081088805	0.345359719939987	0.378295349003358	0.379152675573337	0.494534543116382	0.756912195470458	0.514110166464242	0.378509680645853	0.826498535400443	0.918911195256126	0	0.557190826605701	0.340251482460527	0.859398442523398	0.992391226691434	0.73008501821819	0.786275630492248	0.790526541401729	0.994248767593056	0.986247052939916	0.917160820175752	0.991033792955633	0.989497749517754	0.993748660427234	0.983139244123741	0.97353004215189	0.977280845895549	0.997320854468815	0.991783953704365	0.887154390226477	0.870936629277702	0.954490247910266	0.881653211402443	0.985604058012431	0.978281060227192	0.988926198471101	0.982389083375009	0.86150603700793	0.992105451168107	0.957169393441452	0.973458598271058	0.99446309923555	0.920304350932343	0.920125741230264	0.375151818246767	0.920304350932343	0.995213259984282	0.986425662641995	0.454275916267772	0.959955704793884	0.378974065871258	0.951882546259913	0.376723583625063	0.929127670215046	0.99778523969422	0.507537329427735	0.444023719368436	0.988033149960706	0.989283417875259	0.986568550403658	0.996999357005072	0.906051296706437	0.92484103736515	0.942952061155962	0.996927913124241	0.993069943559334	0.377330856612131	0.932306922912053	0.465206830035008	0.432914195899121	0.376902193327142	0.920375794813174	0.995106094163035	0.33903693648639	0.379081231692506	0.316496392084018	0.302029006215618	0.763627920268629	0.379867114381653	0.694863184968207	0.824033721511752	0.920197185111095	0.680860184325213	0.996356362077588	0.362577695220404	0.99131956847896	0.393477173680074	0.361398871186683
"B3621"	0.642209044795313	0.293455740515825	0.648674716010574	0.614703150675145	0.607773094234479	0.619132671286704	0.337643780810174	0.62027577338001	0.621240265771237	0.6213831535329	0.835786239908552	0.60495106094163	0.620847324426663	0.449882117596628	0.448560405801243	0.557190826605701	0	0.616882189040509	0.354040151461027	0.992534114453097	0.741123097806673	0.2710223619347	0.265949846395656	0.995356147745946	0.986032721297421	0.991176680717297	0.989247695934843	0.987211545331142	0.993570050725155	0.983532185468315	0.973637207973137	0.977316567835965	0.996999357005072	0.990390798028149	0.863649353432879	0.834964635278988	0.955597628063156	0.885332571265271	0.986747160105737	0.979709937843824	0.989604915339001	0.98356790740873	0.864863899407016	0.991891119525613	0.958169607773094	0.975923412159749	0.995606201328856	0.992498392512681	0.992319782810602	0.619489890690862	0.992462670572265	0.993498606844324	0.986318496820747	0.61806101307423	0.959848538972637	0.621061656069158	0.950096449239123	0.621490319354147	0.905444023719368	0.997463742230478	0.609059084089448	0.145602629134815	0.989069086232764	0.990569407730228	0.986532828463242	0.994498821175966	0.908766164178038	0.872687004358077	0.939058369650639	0.996642137600914	0.992855611916839	0.62163320711581	0.930556547831678	0.128241766092734	0.722940630135029	0.622776309209116	0.992712724155176	0.992998499678503	0.472244052296921	0.621240265771237	0.601771808244624	0.602557690933772	0.763770808030292	0.624062299064085	0.291526755733371	0.446774308780453	0.992784168036008	0.978031006644281	0.99446309923555	0.617239408444667	0.989426305636922	0.618846895763378	0.614345931270987
"B3717"	0.126134171608202	0.872508394655998	0.659427020075731	0.453204258055298	0.513217117953847	0.0754804600985926	0.301600342930628	0.0577266557119383	0.0626562834893191	0.494248767593056	0.831428163177824	0.591448167464457	0.0560120025719797	0.983925126812888	0.987675930556548	0.340251482460527	0.616882189040509	0	0.904908194613131	0.990819461313139	0.715974851753947	0.822033292848467	0.824248053154247	0.994534543116382	0.98663999428449	0.968457526612846	0.989247695934843	0.986604272344074	0.992641280274345	0.984210902336215	0.978138172465528	0.98510395084661	0.99599914267343	0.990998071015218	0.916696434950346	0.903122097592341	0.967207258698292	0.908123169250554	0.986711438165321	0.980995927698793	0.990605129670644	0.986675716224905	0.890119311280989	0.992819889976424	0.981924698149603	0.979924269486318	0.99489176252054	0.966421376009145	0.966278488247482	0.0754804600985926	0.966707151532471	0.991212402657712	0.987104379509895	0.449346288490391	0.965492605558334	0.0552618418232478	0.957490890905194	0.0566549974994642	0.956990783739373	0.997213688647567	0.517325141101665	0.621418875473316	0.988926198471101	0.990926627134386	0.987604486675716	0.991855397585197	0.92594841751804	0.954025862684861	0.973244266628563	0.995641923269272	0.993998714010145	0.0618346788597557	0.958098163892263	0.521718939772808	0.721011645352576	0.0727655926269915	0.967885975566193	0.991069514896049	0.150175037508037	0.0810173608630421	0.273380010002143	0.241337429449168	0.763556476387797	0.0640851611059513	0.906408516110595	0.981603200685861	0.967028648996213	0.968528970493677	0.991069514896049	0.206437093662928	0.988068871901122	0.375651925412588	0.105165392584125
"B3721"	0.910409373437165	0.144066585696935	0.904872472672716	0.904872472672716	0.903586482817747	0.912981353147103	0.649567764520969	0.91462456240623	0.915696220618704	0.915267557333714	0.907587340144317	0.908694720297207	0.915196113452883	0.29834964635279	0.191933985854112	0.859398442523398	0.354040151461027	0.904908194613131	0	0.994355933414303	0.912552689862113	0.166178466814317	0.172251196685004	0.995106094163035	0.985711223833679	0.986139887118668	0.990926627134386	0.989176252054012	0.993212831320997	0.983174966064157	0.973279988568979	0.977066514253054	0.996499249839251	0.991248124598128	0.86525684075159	0.844573837250839	0.955526184182325	0.884546688576124	0.987104379509895	0.981281703222119	0.989069086232764	0.983675073229978	0.875223262127599	0.991498178181039	0.960848753304279	0.973029934986068	0.995248981924698	0.989712081160249	0.98953347145817	0.913838679717082	0.989819246981496	0.995177538043867	0.985854111595342	0.91240980210045	0.966099878545403	0.915589054797457	0.951811102379081	0.91462456240623	0.9055154676002	0.997177966707152	0.899764235193256	0.490783739372723	0.988890476530685	0.99046224190898	0.986497106522826	0.996570693720083	0.907265842680574	0.877116524969636	0.943273558619704	0.99599914267343	0.99446309923555	0.915267557333714	0.936343502179038	0.406479959991427	0.909301993284275	0.915017503750804	0.990497963849396	0.994605986997214	0.766307065799814	0.91573194255912	0.905729799242695	0.908016003429306	0.916660713009931	0.916339215546188	0.23297849539187	0.325855540472959	0.98953347145817	0.990819461313139	0.995713367150104	0.908016003429306	0.991391012359791	0.911373865828392	0.907480174323069
"B4121"	0.99199828534686	0.994534543116382	0.991176680717297	0.980567264413803	0.982496249196256	0.990962349074802	0.98288919054083	0.979424162320497	0.992891333857255	0.980995927698793	0.976173465742659	0.982246195613346	0.991962563406444	0.982174751732514	0.983639351289562	0.992391226691434	0.992534114453097	0.990819461313139	0.994355933414303	0	0.684182324783882	0.98442523397871	0.986461384582411	0.9862113309995	0.992212616989355	0.984103736514968	0.978566835750518	0.989069086232764	0.993605772665571	0.990176466385654	0.991426734300207	0.991248124598128	0.998821175966279	0.994248767593056	0.988711866828606	0.989962134743159	0.982424805315425	0.984318068157462	0.988247481603201	0.985996999357005	0.993641494605987	0.990033578623991	0.988283203543617	0.996356362077588	0.98953347145817	0.990926627134386	0.986354218761163	0.970350789454883	0.969850682289062	0.973637207973137	0.970279345574052	0.978066728584697	0.990176466385654	0.976887904550975	0.97353004215189	0.991641065942702	0.64360220047153	0.988961920411517	0.98910480817318	0.999106951489605	0.983532185468315	0.994534543116382	0.989426305636922	0.989747803100664	0.991355290419376	0.982389083375009	0.968564692434093	0.981924698149603	0.939272701293134	0.998606844323784	0.997820961634636	0.994677430878045	0.975459026934343	0.995034650282203	0.98042437665214	0.982603415017504	0.978709723512181	0.980317210830892	0.99421304565264	0.98663999428449	0.978031006644281	0.970100735871973	0.995356147745946	0.995177538043867	0.994070157890977	0.982567693077088	0.991105236836465	0.979495606201329	0.982067585911267	0.991855397585197	0.323319282703436	0.977959562763449	0.990962349074802
"B4321"	0.763163535043224	0.890012145459741	0.75187540187183	0.741908980495821	0.74301636064871	0.740265771236694	0.741623204972494	0.742159034078731	0.743052082589126	0.742194756019147	0.854754590269343	0.741587483032078	0.742301921840394	0.987175823390727	0.989176252054012	0.73008501821819	0.741123097806673	0.715974851753947	0.912552689862113	0.684182324783882	0	0.774808887618775	0.784168036007716	0.995141816103451	0.9875687647353	0.993677216546403	0.992927055797671	0.989569193398585	0.992962777738087	0.984389512038294	0.978352504108023	0.984925341144531	0.995141816103451	0.991783953704365	0.918018146745731	0.904550975208973	0.966385654068729	0.908480388654712	0.986675716224905	0.98153175680503	0.990855183253554	0.986711438165321	0.895334714581696	0.994427377295135	0.980924483817961	0.98067443023505	0.994963206401372	0.995641923269272	0.994963206401372	0.74055154676002	0.996034864613846	0.993820104308066	0.987711652496964	0.739086947202972	0.969672072586983	0.742123312138315	0.960134314495963	0.74098021004501	0.958455383296421	0.996606415660499	0.728191755376152	0.739587054368793	0.988640422947775	0.989604915339001	0.987961706079874	0.995820532971351	0.924055154676002	0.95352575551904	0.961420304350932	0.995070372222619	0.994713152818461	0.742230477959563	0.961920411516754	0.751160963063514	0.761770379367007	0.741944702436236	0.995856254911767	0.993712938486819	0.742587697363721	0.743302136172037	0.738372508394656	0.74123026362792	0.763627920268629	0.742944916767879	0.906515681931843	0.984318068157462	0.994820318639709	0.99599914267343	0.994534543116382	0.651711080945917	0.990569407730228	0.650389369150532	0.653604343787955
"B4417"	0.849967850253626	0.127241551761092	0.839929984996785	0.829856397799528	0.826927198685433	0.844180895906266	0.554190183610774	0.84439522754876	0.844609559191255	0.834143030649425	0.8523969422019	0.833464313781525	0.844430949489176	0.289740658712581	0.263556476387797	0.786275630492248	0.2710223619347	0.822033292848467	0.166178466814317	0.98442523397871	0.774808887618775	0	0.0255769093377152	0.988247481603201	0.988390369364864	0.984818175323284	0.993927270129313	0.992034007287276	0.996034864613846	0.985318282489105	0.975459026934343	0.979888547545903	0.999071229549189	0.994177323712224	0.865756947917411	0.841430306494249	0.947917410873759	0.883653640065728	0.986997213688648	0.977459455597628	0.991855397585197	0.985246838608273	0.865328284632421	0.995749089090519	0.961956133457169	0.978352504108023	0.988640422947775	0.988819032649853	0.988640422947775	0.838894048724727	0.988747588769022	0.997928127455883	0.988354647424448	0.843216403515039	0.966492819889976	0.844645281131671	0.954525969850682	0.839679931413874	0.908801886118454	0.999357005072516	0.830713724369508	0.406337072229764	0.990533685789812	0.991248124598128	0.989426305636922	0.999464170893763	0.910980924483818	0.878795456169179	0.945809816389226	0.998856897906694	0.997856683575052	0.843502179038365	0.939558476816461	0.339144102307637	0.842001857540902	0.833142816317782	0.988104593841537	0.997642351932557	0.694398799742802	0.844573837250839	0.831070943773666	0.833142816317782	0.844966778595413	0.844716725012503	0.213581481746088	0.31724655283275	0.995106094163035	0.996106308494677	0.998821175966279	0.775058941201686	0.992962777738087	0.774987497320854	0.768200328641852
"B4421"	0.852718439665643	0.129420590126456	0.845859827105808	0.838072444095163	0.831142387654497	0.839965706937201	0.556869329141959	0.849860684432378	0.851075230406516	0.842323355004644	0.851146674287347	0.841358862613417	0.850217903836536	0.29213402872044	0.274487390155033	0.790526541401729	0.265949846395656	0.824248053154247	0.172251196685004	0.986461384582411	0.784168036007716	0.0255769093377152	0	0.978316782167607	0.975530470815175	0.974744588126027	0.981353147102951	0.979281274558834	0.983210688004572	0.972708437522326	0.962777738086733	0.967278702579124	0.986532828463242	0.981746088447524	0.853289990712295	0.829141958991212	0.937343716510681	0.871008073158534	0.97463742230478	0.965206830035008	0.979209830678002	0.972851325283989	0.853039937129385	0.982782024719583	0.949703507894549	0.96577838108166	0.980817317996714	0.985318282489105	0.984889619204115	0.843609344859613	0.98356790740873	0.985068228906194	0.975601914696006	0.837286561406016	0.954275916267772	0.850682289061942	0.942059012645567	0.844859612774166	0.896442094734586	0.996463527898835	0.824640994498821	0.39215546188469	0.978173894405944	0.978959777095092	0.976995070372223	0.993820104308066	0.89862113309995	0.866471386725727	0.93352146888619	0.986318496820747	0.985818389654926	0.850325069657784	0.92730585125384	0.34593127098664	0.846824319497035	0.841323140673001	0.988283203543617	0.984603843680789	0.700435807673073	0.850968064585268	0.837822390512253	0.841287418732586	0.851432449810674	0.851146674287347	0.201400300064299	0.319675644781025	0.988640422947775	0.994998928341787	0.987247267271558	0.784668143173537	0.991283846538544	0.780845895549046	0.780381510323641
