""	"A0121"	"A1316"	"A6620"	"A6820"	"B0121"	"B0521"	"B0721"	"B0817"	"B0818"	"B0821"	"B1521"	"B1621"	"B1921"	"B3017"	"B3021"	"B3618"	"B3621"	"B3717"	"B3721"	"B4121"	"B4321"	"B4417"	"B4421"	"B1422"	"B1424"	"B1428"	"B1810"	"B1811"	"B1813"	"B2418"	"B2421"	"B0411"	"B0413"	"B0415"	"B0619"	"B3818"	"B4021"
"A0121"	0	0.864792455526184	0.655676216332071	0.468814746017004	0.482460527255841	0.10205758376795	0.336643566478531	0.11005929842109	0.100771593912981	0.542437665213974	0.848538972636994	0.632028291776809	0.100592984210902	0.984996785025363	0.986782882046153	0.380652997070801	0.642209044795313	0.126134171608202	0.910409373437165	0.99199828534686	0.763163535043224	0.849967850253626	0.852718439665643	0.107272987068658	0.997642351932557	0.122169036222048	0.101128813317139	0.104343787954562	0.170179324140887	0.954740301493177	0.246838608273201	0.155033221404587	0.995213259984282	0.995749089090519	0.997463742230478	0.71177752375509	0.155569050510824
"A1316"	0.864792455526184	0	0.796277773808673	0.868936200614417	0.78056012002572	0.889547760234336	0.605165392584125	0.890155033221405	0.890905193970136	0.889762091876831	0.801421733228549	0.802493391441023	0.890940915910552	0.227262984925341	0.217189397728085	0.755554761734657	0.293455740515825	0.872508394655998	0.144066585696935	0.994534543116382	0.890012145459741	0.127241551761092	0.129420590126456	0.891333857255126	0.998178181038794	0.890655140387226	0.887154390226477	0.885832678431092	0.881117382296206	0.193720082874902	0.890512252625563	0.891012359791384	0.995749089090519	0.991462456240623	0.997642351932557	0.692380510109309	0.814388797599486
"A6620"	0.655676216332071	0.796277773808673	0	0.499249839251268	0.339858541115953	0.669143387868829	0.663892262627706	0.667785954133029	0.670000714438808	0.663392155461885	0.728906194184468	0.537293705794099	0.670393655783382	0.859934271629635	0.905586911481032	0.46042009001929	0.648674716010574	0.659427020075731	0.904872472672716	0.991176680717297	0.75187540187183	0.839929984996785	0.845859827105808	0.670786597127956	0.997928127455883	0.669929270557977	0.669857826677145	0.66249910695149	0.667107237265128	0.95352575551904	0.670322211902551	0.667535900550118	0.99267700221476	0.992784168036008	0.997642351932557	0.71042009001929	0.643066371365293
"A6820"	0.468814746017004	0.868936200614417	0.499249839251268	0	0.492534114453097	0.479531328141745	0.465814103022076	0.479388440380081	0.479745659784239	0.495106094163035	0.828284632421233	0.584946774308781	0.480138601128813	0.972601271701079	0.976780738729728	0.444952489819247	0.614703150675145	0.453204258055298	0.904872472672716	0.980567264413803	0.741908980495821	0.829856397799528	0.838072444095163	0.480460098592556	0.996713581481746	0.480495820532971	0.481567478745445	0.476852182610559	0.478995499035508	0.944309494891763	0.482353361434593	0.46910052154033	0.983353575766236	0.984568121740373	0.99642780595842	0.693291419589912	0.457133671501036
"B0121"	0.482460527255841	0.78056012002572	0.339858541115953	0.492534114453097	0	0.539615631921126	0.514074444523827	0.540472958491105	0.541044509537758	0.516932199757091	0.750053582910624	0.514038722583411	0.540830177895263	0.839608487533043	0.941487461598914	0.252339787097235	0.607773094234479	0.513217117953847	0.903586482817747	0.982496249196256	0.74301636064871	0.826927198685433	0.831142387654497	0.541151675359006	0.998428234621705	0.540365792669858	0.540222904908195	0.53225691219547	0.53779381295992	0.93420018575409	0.540365792669858	0.518039579909981	0.969743516467815	0.974137315138958	0.998106737157962	0.693380724440952	0.499821390297921
"B0521"	0.10205758376795	0.889547760234336	0.669143387868829	0.479531328141745	0.539615631921126	0	0.301850396513539	0.0344359505608345	0.029613488604701	0.496534971779667	0.851789669214832	0.609844966778595	0.0281846109880689	0.988354647424448	0.99021218832607	0.377045081088805	0.619132671286704	0.0754804600985926	0.912981353147103	0.990962349074802	0.740265771236694	0.844180895906266	0.839965706937201	0.0321140244338072	0.99310566549975	0.0482960634421662	0.031435307565907	0.0349003357862399	0.078123883689362	0.961241694648853	0.173930127884547	0.0839108380367222	0.98978352504108	0.972529827820247	0.986497106522826	0.695238265342573	0.103415017503751
"B0721"	0.336643566478531	0.605165392584125	0.663892262627706	0.465814103022076	0.514074444523827	0.301850396513539	0	0.302386225619776	0.302850610845181	0.484282346217047	0.851611059512753	0.594520254340216	0.302457669500607	0.743159248410374	0.746231335286133	0.345359719939987	0.337643780810174	0.301600342930628	0.649567764520969	0.98288919054083	0.741623204972494	0.554190183610774	0.556869329141959	0.302814888904765	0.998535400442952	0.302386225619776	0.298956919339859	0.299492748446096	0.295349003357862	0.681003072086876	0.30260055726227	0.286632849896406	0.981638922626277	0.977066514253054	0.998285346860041	0.502947060084304	0.244088018861185
"B0817"	0.11005929842109	0.890155033221405	0.667785954133029	0.479388440380081	0.540472958491105	0.0344359505608345	0.302386225619776	0	0.0203257840965921	0.493748660427234	0.841180252911338	0.607915981996142	0.0169321997570908	0.985496892191184	0.987711652496964	0.378295349003358	0.62027577338001	0.0577266557119383	0.91462456240623	0.979424162320497	0.742159034078731	0.84439522754876	0.849860684432378	0.00939487032935629	0.98178181038794	0.031792526970065	0.0201114524540973	0.0204329499178395	0.0730513681503179	0.961456026291348	0.155283274987497	0.0718725441165964	0.98110309352004	0.997177966707152	0.981567478745445	0.681824676716439	0.0881617489462028
"B0818"	0.100771593912981	0.890905193970136	0.670000714438808	0.479745659784239	0.541044509537758	0.029613488604701	0.302850610845181	0.0203257840965921	0	0.495891976852183	0.854433092805601	0.610452239765664	0.0114667428734729	0.987533042794885	0.989390583696506	0.379152675573337	0.621240265771237	0.0626562834893191	0.915696220618704	0.992891333857255	0.743052082589126	0.844609559191255	0.851075230406516	0.0182896334928913	0.99667785954133	0.03379295563335	0.0121454597413732	0.0191469600628706	0.0827677359434165	0.961491748231764	0.15917696649282	0.071765378295349	0.996070586554262	0.998142459098378	0.996820747302994	0.696827891691077	0.0881260270057869
"B0821"	0.542437665213974	0.889762091876831	0.663392155461885	0.495106094163035	0.516932199757091	0.496534971779667	0.484282346217047	0.493748660427234	0.495891976852183	0	0.846645709794956	0.247695934843181	0.49642780595842	0.90908766164178	0.977030792312638	0.494534543116382	0.6213831535329	0.494248767593056	0.915267557333714	0.980995927698793	0.742194756019147	0.834143030649425	0.842323355004644	0.496642137600914	0.997070800885904	0.496320640137172	0.497713795813389	0.494248767593056	0.495784811030935	0.935700507251554	0.498142459098378	0.425626920054297	0.508644709580624	0.511073801528899	0.99710652282632	0.697006501393156	0.488640422947775
"B1521"	0.848538972636994	0.801421733228549	0.728906194184468	0.828284632421233	0.750053582910624	0.851789669214832	0.851611059512753	0.841180252911338	0.854433092805601	0.846645709794956	0	0.641744659569908	0.853861541758948	0.813567192969922	0.841751803957991	0.756912195470458	0.835786239908552	0.831428163177824	0.907587340144317	0.976173465742659	0.854754590269343	0.8523969422019	0.851146674287347	0.846538543973709	0.984889619204115	0.854790312209759	0.856576409230549	0.848217475173251	0.845073944416661	0.956383510752304	0.856897906694292	0.850789454883189	0.97820961634636	0.99064085161106	0.984460955919126	0.842662713438594	0.826177037936701
"B1621"	0.632028291776809	0.802493391441023	0.537293705794099	0.584946774308781	0.514038722583411	0.609844966778595	0.594520254340216	0.607915981996142	0.610452239765664	0.247695934843181	0.641744659569908	0	0.610630849467743	0.761055940558691	0.816782167607344	0.514110166464242	0.60495106094163	0.591448167464457	0.908694720297207	0.982246195613346	0.741587483032078	0.833464313781525	0.841358862613417	0.611095234693149	0.998463956562121	0.610309352004001	0.610237908123169	0.602271915410445	0.606951489604915	0.93684360934486	0.610452239765664	0.539972851325284	0.639279845681217	0.638958348217475	0.998071015217547	0.698613988711867	0.575480460098593
"B1921"	0.100592984210902	0.890940915910552	0.670393655783382	0.480138601128813	0.540830177895263	0.0281846109880689	0.302457669500607	0.0169321997570908	0.0114667428734729	0.49642780595842	0.853861541758948	0.610630849467743	0	0.988318925484032	0.99046224190898	0.378509680645853	0.620847324426663	0.0560120025719797	0.915196113452883	0.991962563406444	0.742301921840394	0.844430949489176	0.850217903836536	0.00810888047438737	0.995070372222619	0.032149746374223	0.00860898764020862	0.00960920197185111	0.073944416660713	0.961456026291348	0.148996213474316	0.071943987997428	0.994355933414303	0.99753518611131	0.994963206401372	0.696274201614632	0.0882331928270344
"B3017"	0.984996785025363	0.227262984925341	0.859934271629635	0.972601271701079	0.839608487533043	0.988354647424448	0.743159248410374	0.985496892191184	0.987533042794885	0.90908766164178	0.813567192969922	0.761055940558691	0.988318925484032	0	0.18250339358434	0.826498535400443	0.449882117596628	0.983925126812888	0.29834964635279	0.982174751732514	0.987175823390727	0.289740658712581	0.29213402872044	0.98842609130528	0.999035507608773	0.988497535186111	0.984210902336215	0.979245552618418	0.97931699649925	0.276344931056655	0.988390369364864	0.918268200328642	0.922054726012717	0.917375151818247	0.998999785668357	0.845002500535829	0.933985854111595
"B3021"	0.986782882046153	0.217189397728085	0.905586911481032	0.976780738729728	0.941487461598914	0.99021218832607	0.746231335286133	0.987711652496964	0.989390583696506	0.977030792312638	0.841751803957991	0.816782167607344	0.99046224190898	0.18250339358434	0	0.918911195256126	0.448560405801243	0.987675930556548	0.191933985854112	0.983639351289562	0.989176252054012	0.263556476387797	0.274487390155033	0.990497963849396	0.999035507608773	0.990283632206902	0.986318496820747	0.982782024719583	0.980781596056298	0.182682003286419	0.990247910266486	0.979745659784239	0.987604486675716	0.982996356362078	0.999249839251268	0.842234050153604	0.933021361720369
"B3618"	0.380652997070801	0.755554761734657	0.46042009001929	0.444952489819247	0.252339787097235	0.377045081088805	0.345359719939987	0.378295349003358	0.379152675573337	0.494534543116382	0.756912195470458	0.514110166464242	0.378509680645853	0.826498535400443	0.918911195256126	0	0.557190826605701	0.340251482460527	0.859398442523398	0.992391226691434	0.73008501821819	0.786275630492248	0.790526541401729	0.378902621990427	0.997213688647567	0.378259627062942	0.373722940630135	0.371686790026434	0.369079088376081	0.913124240908766	0.378866900050011	0.376294920340073	0.994070157890977	0.989747803100664	0.996713581481746	0.652496963635065	0.304172322640566
"B3621"	0.642209044795313	0.293455740515825	0.648674716010574	0.614703150675145	0.607773094234479	0.619132671286704	0.337643780810174	0.62027577338001	0.621240265771237	0.6213831535329	0.835786239908552	0.60495106094163	0.620847324426663	0.449882117596628	0.448560405801243	0.557190826605701	0	0.616882189040509	0.354040151461027	0.992534114453097	0.741123097806673	0.2710223619347	0.265949846395656	0.6213831535329	0.99532042580553	0.62095449024791	0.619668500392941	0.618203900835893	0.611345288276059	0.4048367507323	0.623026362792027	0.622311923983711	0.99353432878474	0.990855183253554	0.994534543116382	0.497124383796528	0.558262484818175
"B3717"	0.126134171608202	0.872508394655998	0.659427020075731	0.453204258055298	0.513217117953847	0.0754804600985926	0.301600342930628	0.0577266557119383	0.0626562834893191	0.494248767593056	0.831428163177824	0.591448167464457	0.0560120025719797	0.983925126812888	0.987675930556548	0.340251482460527	0.616882189040509	0	0.904908194613131	0.990819461313139	0.715974851753947	0.822033292848467	0.824248053154247	0.0562620561548903	0.993891548188898	0.0622276202043295	0.0590126455669072	0.0567621633207116	0.0719797099378438	0.960777309423448	0.151925412588412	0.0709437736657855	0.991498178181039	0.994355933414303	0.992748446095592	0.694791741087376	0.0729084803886547
"B3721"	0.910409373437165	0.144066585696935	0.904872472672716	0.904872472672716	0.903586482817747	0.912981353147103	0.649567764520969	0.91462456240623	0.915696220618704	0.915267557333714	0.907587340144317	0.908694720297207	0.915196113452883	0.29834964635279	0.191933985854112	0.859398442523398	0.354040151461027	0.904908194613131	0	0.994355933414303	0.912552689862113	0.166178466814317	0.172251196685004	0.915481888976209	0.997035078945488	0.914660284346646	0.910587983139244	0.913374294491677	0.906301350289348	0.0583339286990069	0.915196113452883	0.915624776737872	0.995106094163035	0.990426519968565	0.996249196256341	0.735907694505966	0.859398442523398
"B4121"	0.99199828534686	0.994534543116382	0.991176680717297	0.980567264413803	0.982496249196256	0.990962349074802	0.98288919054083	0.979424162320497	0.992891333857255	0.980995927698793	0.976173465742659	0.982246195613346	0.991962563406444	0.982174751732514	0.983639351289562	0.992391226691434	0.992534114453097	0.990819461313139	0.994355933414303	0	0.684182324783882	0.98442523397871	0.986461384582411	0.984282346217046	0.982246195613346	0.993069943559334	0.994605986997214	0.990926627134386	0.986497106522826	0.982817746659999	0.995070372222619	0.981496034864614	0.969314853182825	0.985639779952847	0.982531971136672	0.978370365078231	0.985889833535758
"B4321"	0.763163535043224	0.890012145459741	0.75187540187183	0.741908980495821	0.74301636064871	0.740265771236694	0.741623204972494	0.742159034078731	0.743052082589126	0.742194756019147	0.854754590269343	0.741587483032078	0.742301921840394	0.987175823390727	0.989176252054012	0.73008501821819	0.741123097806673	0.715974851753947	0.912552689862113	0.684182324783882	0	0.774808887618775	0.784168036007716	0.742802029006216	0.996142030435093	0.741123097806673	0.740658712581267	0.741801814674573	0.739372722726299	0.960813031363864	0.741801814674573	0.742266199899979	0.994748874758877	0.994534543116382	0.995749089090519	0.741426734300207	0.740622990640852
"B4417"	0.849967850253626	0.127241551761092	0.839929984996785	0.829856397799528	0.826927198685433	0.844180895906266	0.554190183610774	0.84439522754876	0.844609559191255	0.834143030649425	0.8523969422019	0.833464313781525	0.844430949489176	0.289740658712581	0.263556476387797	0.786275630492248	0.2710223619347	0.822033292848467	0.166178466814317	0.98442523397871	0.774808887618775	0	0.0255769093377152	0.844645281131671	0.999392727012931	0.844466671429592	0.838822604843895	0.84014431663928	0.837072229763521	0.204008001714653	0.844109452025434	0.834035864828177	0.988068871901122	0.983210688004572	0.999285561191684	0.651246695720512	0.783167821676073
"B4421"	0.852718439665643	0.129420590126456	0.845859827105808	0.838072444095163	0.831142387654497	0.839965706937201	0.556869329141959	0.849860684432378	0.851075230406516	0.842323355004644	0.851146674287347	0.841358862613417	0.850217903836536	0.29213402872044	0.274487390155033	0.790526541401729	0.265949846395656	0.824248053154247	0.172251196685004	0.986461384582411	0.784168036007716	0.0255769093377152	0	0.850896620704437	0.996927913124241	0.849610630849468	0.844359505608345	0.847110095020361	0.831606772879903	0.214367364435236	0.849467743087804	0.842430520825891	0.984782453382868	0.974351646781453	0.991140958776881	0.652764878188183	0.790419375580482
"B1422"	0.107272987068658	0.891333857255126	0.670786597127956	0.480460098592556	0.541151675359006	0.0321140244338072	0.302814888904765	0.00939487032935629	0.0182896334928913	0.496642137600914	0.846538543973709	0.611095234693149	0.00810888047438737	0.98842609130528	0.990497963849396	0.378902621990427	0.6213831535329	0.0562620561548903	0.915481888976209	0.984282346217046	0.742802029006216	0.844645281131671	0.850896620704437	0	0.987675930556548	0.0325426877187969	0.0157176537829535	0.0113595770522255	0.0698721154533114	0.961563192112596	0.149924983925127	0.0719797099378438	0.987140101450311	0.997928127455883	0.987711652496964	0.68887975994856	0.0884118025291134
"B1424"	0.997642351932557	0.998178181038794	0.997928127455883	0.996713581481746	0.998428234621705	0.99310566549975	0.998535400442952	0.98178181038794	0.99667785954133	0.997070800885904	0.984889619204115	0.998463956562121	0.995070372222619	0.999035507608773	0.999035507608773	0.997213688647567	0.99532042580553	0.993891548188898	0.997035078945488	0.982246195613346	0.996142030435093	0.999392727012931	0.996927913124241	0.987675930556548	0	0.991641065942702	0.998142459098378	0.998714010145031	0.9868900478674	0.9993212831321	0.992891333857255	0.997713795813389	0.697506608558977	0.997035078945488	0.0131099521325998	0.972976352075445	0.999071229549189
"B1428"	0.122169036222048	0.890655140387226	0.669929270557977	0.480495820532971	0.540365792669858	0.0482960634421662	0.302386225619776	0.031792526970065	0.03379295563335	0.496320640137172	0.854790312209759	0.610309352004001	0.032149746374223	0.988497535186111	0.990283632206902	0.378259627062942	0.62095449024791	0.0622276202043295	0.914660284346646	0.993069943559334	0.741123097806673	0.844466671429592	0.849610630849468	0.0325426877187969	0.991641065942702	0	0.0340072872758448	0.0345431163820819	0.080124312352647	0.96152747017218	0.152925626920054	0.0718725441165964	0.994713152818461	0.996892191183825	0.995391869686361	0.667035793384297	0.0880545831249553
"B1810"	0.101128813317139	0.887154390226477	0.669857826677145	0.481567478745445	0.540222904908195	0.031435307565907	0.298956919339859	0.0201114524540973	0.0121454597413732	0.497713795813389	0.856576409230549	0.610237908123169	0.00860898764020862	0.984210902336215	0.986318496820747	0.373722940630135	0.619668500392941	0.0590126455669072	0.910587983139244	0.994605986997214	0.740658712581267	0.838822604843895	0.844359505608345	0.0157176537829535	0.998142459098378	0.0340072872758448	0	0.0139672787025791	0.0754804600985926	0.957348003143531	0.153139958562549	0.0729442023290705	0.996820747302994	0.994034435950561	0.997963849396299	0.695649067657355	0.0838036722154747
"B1811"	0.104343787954562	0.885832678431092	0.66249910695149	0.476852182610559	0.53225691219547	0.0349003357862399	0.299492748446096	0.0204329499178395	0.0191469600628706	0.494248767593056	0.848217475173251	0.602271915410445	0.00960920197185111	0.979245552618418	0.982782024719583	0.371686790026434	0.618203900835893	0.0567621633207116	0.913374294491677	0.990926627134386	0.741801814674573	0.84014431663928	0.847110095020361	0.0113595770522255	0.998714010145031	0.0345431163820819	0.0139672787025791	0	0.0762663427877402	0.958062441951847	0.1496392084018	0.0696935057512324	0.994141601771808	0.994034435950561	0.998678288204615	0.699757090805173	0.0791240980210045
"B1813"	0.170179324140887	0.881117382296206	0.667107237265128	0.478995499035508	0.53779381295992	0.078123883689362	0.295349003357862	0.0730513681503179	0.0827677359434165	0.495784811030935	0.845073944416661	0.606951489604915	0.073944416660713	0.97931699649925	0.980781596056298	0.369079088376081	0.611345288276059	0.0719797099378438	0.906301350289348	0.986497106522826	0.739372722726299	0.837072229763521	0.831606772879903	0.0698721154533114	0.9868900478674	0.080124312352647	0.0754804600985926	0.0762663427877402	0	0.954383082089019	0.149460598699721	0.0874473101378867	0.980245766950061	0.970279345574052	0.97488747588769	0.683967993141387	0.0804100878759734
"B2418"	0.954740301493177	0.193720082874902	0.95352575551904	0.944309494891763	0.93420018575409	0.961241694648853	0.681003072086876	0.961456026291348	0.961491748231764	0.935700507251554	0.956383510752304	0.93684360934486	0.961456026291348	0.276344931056655	0.182682003286419	0.913124240908766	0.4048367507323	0.960777309423448	0.0583339286990069	0.982817746659999	0.960813031363864	0.204008001714653	0.214367364435236	0.961563192112596	0.9993212831321	0.96152747017218	0.957348003143531	0.958062441951847	0.954383082089019	0	0.961348860470101	0.936807887404444	0.973887261556048	0.969279131242409	0.9993212831321	0.783864399514182	0.903407873115668
"B2421"	0.246838608273201	0.890512252625563	0.670322211902551	0.482353361434593	0.540365792669858	0.173930127884547	0.30260055726227	0.155283274987497	0.15917696649282	0.498142459098378	0.856897906694292	0.610452239765664	0.148996213474316	0.988390369364864	0.990247910266486	0.378866900050011	0.623026362792027	0.151925412588412	0.915196113452883	0.995070372222619	0.741801814674573	0.844109452025434	0.849467743087804	0.149924983925127	0.992891333857255	0.152925626920054	0.153139958562549	0.1496392084018	0.149460598699721	0.961348860470101	0	0.162892048296063	0.996070586554262	0.997213688647567	0.996713581481746	0.694255911981139	0.159391298135315
"B0411"	0.155033221404587	0.891012359791384	0.667535900550118	0.46910052154033	0.518039579909981	0.0839108380367222	0.286632849896406	0.0718725441165964	0.071765378295349	0.425626920054297	0.850789454883189	0.539972851325284	0.071943987997428	0.918268200328642	0.979745659784239	0.376294920340073	0.622311923983711	0.0709437736657855	0.915624776737872	0.981496034864614	0.742266199899979	0.834035864828177	0.842430520825891	0.0719797099378438	0.997713795813389	0.0718725441165964	0.0729442023290705	0.0696935057512324	0.0874473101378867	0.936807887404444	0.162892048296063	0	0.927127241551761	0.928448953347146	0.997856683575052	0.698739015503322	0.0819104093734372
"B0413"	0.995213259984282	0.995749089090519	0.99267700221476	0.983353575766236	0.969743516467815	0.98978352504108	0.981638922626277	0.98110309352004	0.996070586554262	0.508644709580624	0.97820961634636	0.639279845681217	0.994355933414303	0.922054726012717	0.987604486675716	0.994070157890977	0.99353432878474	0.991498178181039	0.995106094163035	0.969314853182825	0.994748874758877	0.988068871901122	0.984782453382868	0.987140101450311	0.697506608558977	0.994713152818461	0.996820747302994	0.994141601771808	0.980245766950061	0.973887261556048	0.996070586554262	0.927127241551761	0	0.311673930127885	0.692505536900764	0.976369936414946	0.989569193398585
"B0415"	0.995749089090519	0.991462456240623	0.992784168036008	0.984568121740373	0.974137315138958	0.972529827820247	0.977066514253054	0.997177966707152	0.998142459098378	0.511073801528899	0.99064085161106	0.638958348217475	0.99753518611131	0.917375151818247	0.982996356362078	0.989747803100664	0.990855183253554	0.994355933414303	0.990426519968565	0.985639779952847	0.994534543116382	0.983210688004572	0.974351646781453	0.997928127455883	0.997035078945488	0.996892191183825	0.994034435950561	0.994034435950561	0.970279345574052	0.969279131242409	0.997213688647567	0.928448953347146	0.311673930127885	0	0.99046224190898	0.992998499678503	0.984853897263699
"B0619"	0.997463742230478	0.997642351932557	0.997642351932557	0.99642780595842	0.998106737157962	0.986497106522826	0.998285346860041	0.981567478745445	0.996820747302994	0.99710652282632	0.984460955919126	0.998071015217547	0.994963206401372	0.998999785668357	0.999249839251268	0.996713581481746	0.994534543116382	0.992748446095592	0.996249196256341	0.982531971136672	0.995749089090519	0.999285561191684	0.991140958776881	0.987711652496964	0.0131099521325998	0.995391869686361	0.997963849396299	0.998678288204615	0.97488747588769	0.9993212831321	0.996713581481746	0.997856683575052	0.692505536900764	0.99046224190898	0	0.976977209402015	0.9993212831321
"B3818"	0.71177752375509	0.692380510109309	0.71042009001929	0.693291419589912	0.693380724440952	0.695238265342573	0.502947060084304	0.681824676716439	0.696827891691077	0.697006501393156	0.842662713438594	0.698613988711867	0.696274201614632	0.845002500535829	0.842234050153604	0.652496963635065	0.497124383796528	0.694791741087376	0.735907694505966	0.978370365078231	0.741426734300207	0.651246695720512	0.652764878188183	0.68887975994856	0.972976352075445	0.667035793384297	0.695649067657355	0.699757090805173	0.683967993141387	0.783864399514182	0.694255911981139	0.698739015503322	0.976369936414946	0.992998499678503	0.976977209402015	0	0.649353432878474
"B4021"	0.155569050510824	0.814388797599486	0.643066371365293	0.457133671501036	0.499821390297921	0.103415017503751	0.244088018861185	0.0881617489462028	0.0881260270057869	0.488640422947775	0.826177037936701	0.575480460098593	0.0882331928270344	0.933985854111595	0.933021361720369	0.304172322640566	0.558262484818175	0.0729084803886547	0.859398442523398	0.985889833535758	0.740622990640852	0.783167821676073	0.790419375580482	0.0884118025291134	0.999071229549189	0.0880545831249553	0.0838036722154747	0.0791240980210045	0.0804100878759734	0.903407873115668	0.159391298135315	0.0819104093734372	0.989569193398585	0.984853897263699	0.9993212831321	0.649353432878474	0
