""	"A0102"	"A1301"	"A6601"	"A6801"	"B0102"	"B0501"	"B0701"	"B0801"	"B1501"	"B1601"	"B1603"	"B1901"	"B1902"	"B3001"	"B3002"	"B3601"	"B3603"	"B3701"	"B3703"	"B4101"	"B4102"	"B4303"	"B4403"	"B1401"	"B1403"	"B1801"	"B2401"	"B2403"	"B0402"	"B0603"	"B3802"	"B4002"
"A0102"	0	0.866542830606559	0.271951132385511	0.866185611202401	0.866721440308638	0.866149889261985	0.865685504036579	0.866114167321569	0.866828606129885	0.931128098878331	0.956633564335215	0.863256412088305	0.867007215831964	0.859076945059656	0.865828391798242	0.863577909552047	0.859684218046724	0.866828606129885	0.865399728513253	0.861863256412088	0.866078445381153	0.867793098521112	0.865149674930342	0.83060655854826	0.869400585839823	0.870257912409802	0.86304208044581	0.12784882474816	0.866221333142816	0.861756090590841	0.861077373722941	0.867864542401943
"A1301"	0.866542830606559	0	0.595270415088948	0.243480745874116	0.0191112381224548	0.0271843966564264	0.0227905979852826	0.0428663284989641	0.228620418661142	0.928091733942988	0.94798885475459	0.517682360505823	0.545759805672644	0.473815817675216	0.543366435664785	0.235907694505966	0.251232406944345	0.229763520754447	0.21918982639137	0.549546331356719	0.264342359076945	0.482103307851682	0.289954990355076	0.604522397656641	0.466028434664571	0.550617989569193	0.537150818032435	0.987068657569479	0.0550832321211688	0.52179038365364	0.534686004143745	0.466528541830392
"A6601"	0.271951132385511	0.595270415088948	0	0.595877688076016	0.596056297778095	0.596663570765164	0.594627420161463	0.595091805386869	0.601200257197971	0.930306494248768	0.950846609987855	0.648103164963921	0.672179752804172	0.637100807315853	0.65228263199257	0.59959276987926	0.598842609130528	0.601771808244624	0.599628491819676	0.668428949060513	0.604772451239551	0.653675787668786	0.622383367864542	0.635707651639637	0.671072372651282	0.654283060655855	0.666249910695149	0.397263699364149	0.595020361506037	0.659677073658641	0.650782310495106	0.641280274344502
"A6801"	0.866185611202401	0.243480745874116	0.595877688076016	0	0.240337215117525	0.243516467814532	0.242587697363721	0.242051868257484	0.361970422233336	0.929270557976709	0.949310566549975	0.528756162034722	0.559477030792313	0.489033364292348	0.559084089447739	0.37215117525184	0.383939415589055	0.354683146388512	0.350896620704437	0.564442380510109	0.393691505322569	0.499357005072516	0.409266271343859	0.593055654783168	0.488318925484032	0.449310566549975	0.547260127170108	0.991140958776881	0.241980424376652	0.531792526970065	0.543330713724369	0.479066942916339
"B0102"	0.866721440308638	0.0191112381224548	0.596056297778095	0.240337215117525	0	0.0213974423090662	0.0237550903765093	0.0443666499964278	0.228441808959063	0.926841466028435	0.947703079231264	0.518325355433307	0.547188683289276	0.475459026934343	0.543259269843538	0.234407373008502	0.251661070229335	0.227370150746589	0.21943987997428	0.550653711509609	0.262984925341145	0.484175180395799	0.289704936772165	0.60137886690005	0.464706722869186	0.548796170607987	0.536579266985783	0.988568979066943	0.0566549974994642	0.523397870972351	0.534185896977924	0.468171751089519
"B0501"	0.866149889261985	0.0271843966564264	0.596663570765164	0.243516467814532	0.0213974423090662	0	0.0226834321640351	0.0371150960920197	0.228941916124884	0.927234407373009	0.949739229834965	0.519789954990355	0.548796170607987	0.476102021861828	0.539508466099879	0.233800100021433	0.252304065156819	0.226691433878688	0.219654211616775	0.552475530470815	0.254733157105094	0.478816889333429	0.28991926841466	0.605558333928699	0.467064370936629	0.551082374794599	0.539794241623205	0.990783739372723	0.0495463313567193	0.522611988283204	0.534364506680003	0.470100735871973
"B0701"	0.865685504036579	0.0227905979852826	0.594627420161463	0.242587697363721	0.0237550903765093	0.0226834321640351	0	0.0287204400943059	0.226941487461599	0.927091519611345	0.947667357290848	0.509930699435593	0.538829749231978	0.466778595413303	0.532328356076302	0.234836036293491	0.249839251268129	0.230156462099021	0.219261270272201	0.54222333357148	0.262520540115739	0.471100950203615	0.282631992569836	0.596199185539758	0.458276773594342	0.543687933128528	0.529970708008859	0.98663999428449	0.0417589483460742	0.514360220047153	0.526541401728942	0.459777095091805
"B0801"	0.866114167321569	0.0428663284989641	0.595091805386869	0.242051868257484	0.0443666499964278	0.0371150960920197	0.0287204400943059	0	0.232335500464385	0.92730585125384	0.947667357290848	0.501464599557048	0.530613702936343	0.458026720011431	0.518754018718297	0.244373794384511	0.256626419947132	0.238694005858398	0.226727155819104	0.534293062799171	0.266557119382725	0.465671215260413	0.287490176466386	0.58826891476745	0.459848538972637	0.533614345931271	0.521433164249482	0.986675716224905	0.0273630063585054	0.510145031078088	0.521504608130314	0.45377580910195
"B1501"	0.866828606129885	0.228620418661142	0.601200257197971	0.361970422233336	0.228441808959063	0.228941916124884	0.226941487461599	0.232335500464385	0	0.924698149603487	0.946274201614632	0.442737729513467	0.463277845252554	0.400264342359077	0.432164035150389	0.0736229191969708	0.0873401443166393	0.0731585339715653	0.0334714581696078	0.440701578909766	0.127634493105665	0.383653640065728	0.168393227120097	0.509430592269772	0.365792669857827	0.448524683860827	0.440165749803529	0.984496677859541	0.227691648210331	0.429842109023362	0.440380081446024	0.394263056369222
"B1601"	0.931128098878331	0.928091733942988	0.930306494248768	0.929270557976709	0.926841466028435	0.927234407373009	0.927091519611345	0.92730585125384	0.924698149603487	0	0.949882117596628	0.921768950489391	0.924662427663071	0.92194756019147	0.918446810030721	0.922661998999786	0.925484032292634	0.924305208258913	0.922769164821033	0.921911838251054	0.915339001214546	0.922340501536043	0.916339215546188	0.917803815103236	0.920161463170679	0.922733442880617	0.923233550046438	0.993034221618918	0.927198685432593	0.922090447953133	0.920625848396085	0.922340501536043
"B1603"	0.956633564335215	0.94798885475459	0.950846609987855	0.949310566549975	0.947703079231264	0.949739229834965	0.947667357290848	0.947667357290848	0.946274201614632	0.949882117596628	0	0.945166821461742	0.945881260270058	0.945881260270058	0.940130027863114	0.948203186397085	0.947453025648353	0.946167035793384	0.943380724440952	0.944988211759663	0.949489176252054	0.946381367435879	0.935450453668643	0.942666285632636	0.945666928627563	0.944630992355505	0.941058798313924	0.990605129670644	0.947703079231264	0.947631635350432	0.947167250125027	0.946095591912553
"B1901"	0.863256412088305	0.517682360505823	0.648103164963921	0.528756162034722	0.518325355433307	0.519789954990355	0.509930699435593	0.501464599557048	0.442737729513467	0.921768950489391	0.945166821461742	0	0.0483675073229978	0.102557690933772	0.0801600342930628	0.449060512967064	0.446559977137958	0.461920411516754	0.443487890262199	0.0790883760805887	0.46620704436665	0.1082732014003	0.409016217760949	0.173537186539973	0.158319639922841	0.154818889762092	0.0927341573194256	0.979745659784239	0.491891119525613	0.0980924483817961	0.0958062441951847	0.0860898764020862
"B1902"	0.867007215831964	0.545759805672644	0.672179752804172	0.559477030792313	0.547188683289276	0.548796170607987	0.538829749231978	0.530613702936343	0.463277845252554	0.924662427663071	0.945881260270058	0.0483675073229978	0	0.140994498821176	0.0854826034150175	0.471208116024862	0.470279345574052	0.485461170250768	0.464599557047939	0.0619061227405873	0.48799742802029	0.132885618346789	0.429413445738373	0.16317782381939	0.174930342216189	0.176787883117811	0.0817675216117739	0.981960420090019	0.521040222904908	0.102629134814603	0.102629134814603	0.117525183967993
"B3001"	0.859076945059656	0.473815817675216	0.637100807315853	0.489033364292348	0.475459026934343	0.476102021861828	0.466778595413303	0.458026720011431	0.400264342359077	0.92194756019147	0.945881260270058	0.102557690933772	0.140994498821176	0	0.141173108523255	0.40840894477388	0.40994498821176	0.423626491391012	0.404015146102736	0.140208616132028	0.423483603629349	0.0587268700435808	0.368114595984854	0.220868757590912	0.106201328856183	0.142316210616561	0.135529041937558	0.975173251411017	0.449489176252054	0.134171608201758	0.138708294634565	0.0633350003572194
"B3002"	0.865828391798242	0.543366435664785	0.65228263199257	0.559084089447739	0.543259269843538	0.539508466099879	0.532328356076302	0.518754018718297	0.432164035150389	0.918446810030721	0.940130027863114	0.0801600342930628	0.0854826034150175	0.141173108523255	0	0.438165321140244	0.467385868400371	0.473494320211474	0.429913552904194	0.0609059084089448	0.463885118239623	0.114703150675145	0.396870758019576	0.15364006572837	0.171036650710867	0.14385225405444	0.126384225191112	0.981031649639208	0.504322354790312	0.107201543187826	0.0961634635993427	0.142530542259056
"B3601"	0.863577909552047	0.235907694505966	0.59959276987926	0.37215117525184	0.234407373008502	0.233800100021433	0.234836036293491	0.244373794384511	0.0736229191969708	0.922661998999786	0.948203186397085	0.449060512967064	0.471208116024862	0.40840894477388	0.438165321140244	0	0.0773737229406301	0.129206258483961	0.0837322283346431	0.448167464456669	0.142459098378224	0.390083589340573	0.175573337143674	0.520718725441166	0.370650853754376	0.460491533900121	0.445488318925484	0.981138815460456	0.242444809602058	0.427770236479246	0.44084446667143	0.400585839822819
"B3603"	0.859684218046724	0.251232406944345	0.598842609130528	0.383939415589055	0.251661070229335	0.252304065156819	0.249839251268129	0.256626419947132	0.0873401443166393	0.925484032292634	0.947453025648353	0.446559977137958	0.470279345574052	0.40994498821176	0.467385868400371	0.0773737229406301	0	0.082303350718011	0.0925912695577624	0.470457955276131	0.146888618989784	0.412052582696292	0.233764378081017	0.521468886189898	0.392048296063442	0.474423090662285	0.455633350003572	0.977245123955133	0.255947703079231	0.436129170536544	0.451096663570765	0.401371722511967
"B3701"	0.866828606129885	0.229763520754447	0.601771808244624	0.354683146388512	0.227370150746589	0.226691433878688	0.230156462099021	0.238694005858398	0.0731585339715653	0.924305208258913	0.946167035793384	0.461920411516754	0.485461170250768	0.423626491391012	0.473494320211474	0.129206258483961	0.082303350718011	0	0.0704436664999643	0.481067371579624	0.138994070157891	0.414838894048725	0.229013360005716	0.532364078016718	0.389619204115168	0.471886832892763	0.464813888690434	0.987390155033221	0.238158176752161	0.448667571622491	0.45888404658141	0.414303064942488
"B3703"	0.865399728513253	0.21918982639137	0.599628491819676	0.350896620704437	0.21943987997428	0.219654211616775	0.219261270272201	0.226727155819104	0.0334714581696078	0.922769164821033	0.943380724440952	0.443487890262199	0.464599557047939	0.404015146102736	0.429913552904194	0.0837322283346431	0.0925912695577624	0.0704436664999643	0	0.441808959062656	0.127634493105665	0.385475459026934	0.176073444309495	0.512824176609273	0.368114595984854	0.451096663570765	0.441201686075588	0.982960634421662	0.224798171036651	0.427055797670929	0.441666071300993	0.39751375294706
"B4101"	0.861863256412088	0.549546331356719	0.668428949060513	0.564442380510109	0.550653711509609	0.552475530470815	0.54222333357148	0.534293062799171	0.440701578909766	0.921911838251054	0.944988211759663	0.0790883760805887	0.0619061227405873	0.140208616132028	0.0609059084089448	0.448167464456669	0.470457955276131	0.481067371579624	0.441808959062656	0	0.48263913695792	0.126348503250697	0.40305065371151	0.146317067943131	0.162606272772737	0.168714724583839	0.11048796170608	0.975887690219333	0.524290919482746	0.0825891262413374	0.076123455026077	0.138458241051654
"B4102"	0.866078445381153	0.264342359076945	0.604772451239551	0.393691505322569	0.262984925341145	0.254733157105094	0.262520540115739	0.266557119382725	0.127634493105665	0.915339001214546	0.949489176252054	0.46620704436665	0.48799742802029	0.423483603629349	0.463885118239623	0.142459098378224	0.146888618989784	0.138994070157891	0.127634493105665	0.48263913695792	0	0.408658998356791	0.226941487461599	0.533971565335429	0.382439094091591	0.478173894405944	0.466599985711224	0.989390583696506	0.264628134600272	0.454740301493177	0.46263485032507	0.416374937486604
"B4303"	0.867793098521112	0.482103307851682	0.653675787668786	0.499357005072516	0.484175180395799	0.478816889333429	0.471100950203615	0.465671215260413	0.383653640065728	0.922340501536043	0.946381367435879	0.1082732014003	0.132885618346789	0.0587268700435808	0.114703150675145	0.390083589340573	0.412052582696292	0.414838894048725	0.385475459026934	0.126348503250697	0.408658998356791	0	0.351646781453169	0.232942773451454	0.084839608487533	0.132385511180967	0.121240265771237	0.984139458455383	0.453632921340287	0.125598342501965	0.13670786597128	0.053047081517468
"B4403"	0.865149674930342	0.289954990355076	0.622383367864542	0.409266271343859	0.289704936772165	0.28991926841466	0.282631992569836	0.287490176466386	0.168393227120097	0.916339215546188	0.935450453668643	0.409016217760949	0.429413445738373	0.368114595984854	0.396870758019576	0.175573337143674	0.233764378081017	0.229013360005716	0.176073444309495	0.40305065371151	0.226941487461599	0.351646781453169	0	0.458526827177252	0.333535757662356	0.401193112809888	0.405622633421447	0.982139029792098	0.287061513181396	0.395656212045438	0.4055154676002	0.363220690147889
"B1401"	0.83060655854826	0.604522397656641	0.635707651639637	0.593055654783168	0.60137886690005	0.605558333928699	0.596199185539758	0.58826891476745	0.509430592269772	0.917803815103236	0.942666285632636	0.173537186539973	0.16317782381939	0.220868757590912	0.15364006572837	0.520718725441166	0.521468886189898	0.532364078016718	0.512824176609273	0.146317067943131	0.533971565335429	0.232942773451454	0.458526827177252	0	0.248267485889834	0.21433164249482	0.212474101593199	0.945166821461742	0.578159605629778	0.137815246124169	0.118275344716725	0.241516039151247
"B1403"	0.869400585839823	0.466028434664571	0.671072372651282	0.488318925484032	0.464706722869186	0.467064370936629	0.458276773594342	0.459848538972637	0.365792669857827	0.920161463170679	0.945666928627563	0.158319639922841	0.174930342216189	0.106201328856183	0.171036650710867	0.370650853754376	0.392048296063442	0.389619204115168	0.368114595984854	0.162606272772737	0.382439094091591	0.084839608487533	0.333535757662356	0.248267485889834	0	0.170143602200472	0.156069157676645	0.984996785025363	0.457633778666857	0.139458455383296	0.151103807958848	0.106844323783668
"B1801"	0.870257912409802	0.550617989569193	0.654283060655855	0.449310566549975	0.548796170607987	0.551082374794599	0.543687933128528	0.533614345931271	0.448524683860827	0.922733442880617	0.944630992355505	0.154818889762092	0.176787883117811	0.142316210616561	0.14385225405444	0.460491533900121	0.474423090662285	0.471886832892763	0.451096663570765	0.168714724583839	0.478173894405944	0.132385511180967	0.401193112809888	0.21433164249482	0.170143602200472	0	0.163963706508538	0.985496892191184	0.529327713081375	0.178895477602343	0.163785096806459	0.150353647210116
"B2401"	0.86304208044581	0.537150818032435	0.666249910695149	0.547260127170108	0.536579266985783	0.539794241623205	0.529970708008859	0.521433164249482	0.440165749803529	0.923233550046438	0.941058798313924	0.0927341573194256	0.0817675216117739	0.135529041937558	0.126384225191112	0.445488318925484	0.455633350003572	0.464813888690434	0.441201686075588	0.11048796170608	0.466599985711224	0.121240265771237	0.405622633421447	0.212474101593199	0.156069157676645	0.163963706508538	0	0.978245338286776	0.512538401085947	0.135421876116311	0.137315138958348	0.119704222333357
"B2403"	0.12784882474816	0.987068657569479	0.397263699364149	0.991140958776881	0.988568979066943	0.990783739372723	0.98663999428449	0.986675716224905	0.984496677859541	0.993034221618918	0.990605129670644	0.979745659784239	0.981960420090019	0.975173251411017	0.981031649639208	0.981138815460456	0.977245123955133	0.987390155033221	0.982960634421662	0.975887690219333	0.989390583696506	0.984139458455383	0.982139029792098	0.945166821461742	0.984996785025363	0.985496892191184	0.978245338286776	0	0.986854325926984	0.977816675001786	0.976352075444738	0.984139458455383
"B0402"	0.866221333142816	0.0550832321211688	0.595020361506037	0.241980424376652	0.0566549974994642	0.0495463313567193	0.0417589483460742	0.0273630063585054	0.227691648210331	0.927198685432593	0.947703079231264	0.491891119525613	0.521040222904908	0.449489176252054	0.504322354790312	0.242444809602058	0.255947703079231	0.238158176752161	0.224798171036651	0.524290919482746	0.264628134600272	0.453632921340287	0.287061513181396	0.578159605629778	0.457633778666857	0.529327713081375	0.512538401085947	0.986854325926984	0	0.508501821818961	0.52043294991784	0.443202114738873
"B0603"	0.861756090590841	0.52179038365364	0.659677073658641	0.531792526970065	0.523397870972351	0.522611988283204	0.514360220047153	0.510145031078088	0.429842109023362	0.922090447953133	0.947631635350432	0.0980924483817961	0.102629134814603	0.134171608201758	0.107201543187826	0.427770236479246	0.436129170536544	0.448667571622491	0.427055797670929	0.0825891262413374	0.454740301493177	0.125598342501965	0.395656212045438	0.137815246124169	0.139458455383296	0.178895477602343	0.135421876116311	0.977816675001786	0.508501821818961	0	0.0335071801100236	0.146388511823962
"B3802"	0.861077373722941	0.534686004143745	0.650782310495106	0.543330713724369	0.534185896977924	0.534364506680003	0.526541401728942	0.521504608130314	0.440380081446024	0.920625848396085	0.947167250125027	0.0958062441951847	0.102629134814603	0.138708294634565	0.0961634635993427	0.44084446667143	0.451096663570765	0.45888404658141	0.441666071300993	0.076123455026077	0.46263485032507	0.13670786597128	0.4055154676002	0.118275344716725	0.151103807958848	0.163785096806459	0.137315138958348	0.976352075444738	0.52043294991784	0.0335071801100236	0	0.159462742016146
"B4002"	0.867864542401943	0.466528541830392	0.641280274344502	0.479066942916339	0.468171751089519	0.470100735871973	0.459777095091805	0.45377580910195	0.394263056369222	0.922340501536043	0.946095591912553	0.0860898764020862	0.117525183967993	0.0633350003572194	0.142530542259056	0.400585839822819	0.401371722511967	0.414303064942488	0.39751375294706	0.138458241051654	0.416374937486604	0.053047081517468	0.363220690147889	0.241516039151247	0.106844323783668	0.150353647210116	0.119704222333357	0.984139458455383	0.443202114738873	0.146388511823962	0.159462742016146	0
