""	"A0121"	"A1316"	"A6620"	"A6820"	"B0121"	"B0521"	"B0721"	"B0817"	"B0818"	"B0821"	"B1521"	"B1621"	"B1921"	"B3017"	"B3021"	"B3618"	"B3621"	"B3717"	"B3721"	"B4121"	"B4321"	"B4417"	"B4421"	"B1422"	"B1424"	"B1428"	"B1810"	"B1811"	"B1813"	"B2418"	"B2421"	"B0411"	"B0413"	"B0415"	"B0619"	"B3818"	"B4021"
"A0121"	0	0.827355861970422	0.611738229620633	0.392226905765521	0.45463313567193	0.0985568336072015	0.241944702436236	0.0993427162963492	0.0998428234621705	0.43973708651854	0.827641637493749	0.553047081517468	0.0996284918196756	0.929984996785025	0.967421590340787	0.303922269057655	0.574801743230692	0.0724440951632493	0.866900050010717	0.979352718439666	0.741516039151247	0.789347717368007	0.797385153961563	0.0998071015217547	0.996606415660499	0.0996642137600914	0.100521540330071	0.0961991855397585	0.0978423947988855	0.894727441594627	0.101450310780882	0.0465814103022076	0.941808959062656	0.942059012645567	0.996534971779667	0.65339001214546	0.0549046224190898
"A1316"	0.827355861970422	0	0.733907265842681	0.807280131456741	0.760662999214117	0.884796742159034	0.588483246409945	0.879617060798743	0.88840465814103	0.870365078231049	0.78924055154676	0.799099807101522	0.887475887690219	0.210688004572408	0.203293562906337	0.753054225905551	0.290490819461313	0.868543259269844	0.138208187468743	0.97199399871401	0.888726155604772	0.116667857398014	0.120204329499178	0.881188826177038	0.987783096377795	0.888368936200614	0.886332785596914	0.881796099164107	0.87240122883475	0.175466171322426	0.89019075516182	0.873008501821819	0.968957633778667	0.974601700364364	0.987461598914053	0.679717082231907	0.810459384153747
"A6620"	0.611738229620633	0.733907265842681	0	0.491676787883118	0.31256697863828	0.664463813674359	0.597663785096807	0.651782524826749	0.667678788311781	0.653211402443381	0.558762591983997	0.434950346502822	0.667142959205544	0.759519897120812	0.795884832464099	0.440344359505608	0.564620990212188	0.652461241694649	0.865971279559906	0.965385439737087	0.740658712581267	0.776666428520397	0.774058726870044	0.659748517539473	0.87972422661999	0.668036007715939	0.669036222047582	0.661606058441095	0.657105093948703	0.907908837608059	0.669929270557977	0.657605201114525	0.866042723440737	0.983532185468315	0.879617060798743	0.615221118811174	0.620775880545831
"A6820"	0.392226905765521	0.807280131456741	0.491676787883118	0	0.463706508537544	0.478423947988855	0.405158248196042	0.478102450525113	0.47956705008216	0.44977495177538	0.825569764949632	0.562799171250982	0.478995499035508	0.939701364578124	0.96552832749875	0.417553761520326	0.533578623990855	0.451382439094092	0.866828606129885	0.978995499035508	0.741551761091663	0.77680931628206	0.775166107022934	0.479209830678002	0.995463313567193	0.480245766950061	0.480888761877545	0.476352075444738	0.477745231120955	0.895263270700864	0.481996142030435	0.437772379795671	0.951239551332428	0.953168536114882	0.99532042580553	0.633457169393441	0.435093234264485
"B0121"	0.45463313567193	0.760662999214117	0.31256697863828	0.463706508537544	0	0.534936057726656	0.492962777738087	0.524040865899836	0.538579695649068	0.46799314138744	0.723762234764592	0.456990783739373	0.537222261913267	0.782703436450668	0.93019932842752	0.209330570836608	0.571372436950775	0.509323426448525	0.876759305565478	0.965421161677502	0.740622990640852	0.801743230692291	0.809852111166679	0.529827820247196	0.855969136243481	0.53822247624491	0.537615203257841	0.53132814174466	0.52732728441809	0.905729799242695	0.539829963563621	0.470136457812388	0.778416803600772	0.925126812888476	0.855826248481818	0.648228191755376	0.478959777095092
"B0521"	0.0985568336072015	0.884796742159034	0.664463813674359	0.478423947988855	0.534936057726656	0	0.301778952632707	0.0263270700864471	0.029613488604701	0.494641708937629	0.850575123240694	0.608451811102379	0.0280774451668215	0.987925984139458	0.986568550403658	0.369472029720654	0.61891833964421	0.0450096449239123	0.911552475530471	0.989497749517754	0.732371222404801	0.836250625133957	0.833285704079446	0.027255840537258	0.992498392512681	0.0315424733871544	0.0299349860684432	0.031256697863828	0.053225691219547	0.960741587483032	0.0307923126384225	0.0710866614274487	0.989211973994427	0.971029506322784	0.985711223833679	0.694648853325713	0.0874115881974709
"B0721"	0.241944702436236	0.588483246409945	0.597663785096807	0.405158248196042	0.492962777738087	0.301778952632707	0	0.302136172036865	0.302743445023934	0.479424162320497	0.837893834393084	0.590626562834893	0.302207615917697	0.742694863184968	0.744480960205758	0.313067085804101	0.334964635278988	0.285596913624348	0.64163749374866	0.982424805315425	0.741480317210831	0.551868257483747	0.555797670929485	0.302636279202686	0.998285346860041	0.302243337858112	0.298278202471958	0.2972422661999	0.295134671715368	0.678716867900264	0.302207615917697	0.286597127955991	0.981424590983782	0.976709294848896	0.998142459098378	0.501285989854969	0.236193470029292
"B0817"	0.0993427162963492	0.879617060798743	0.651782524826749	0.478102450525113	0.524040865899836	0.0263270700864471	0.302136172036865	0	0.0174680288633279	0.491676787883118	0.837322283346431	0.605951275273273	0.0165749803529328	0.985282560548689	0.984246624276631	0.377438022433379	0.619882832035436	0.0536543545045367	0.914374508823319	0.979102664856755	0.741551761091663	0.844252339787097	0.849467743087804	0.00914481674644567	0.981496034864614	0.031256697863828	0.0195756233478603	0.0201828963349289	0.067050082160463	0.961313138529685	0.019254125884118	0.0711938272486961	0.980853039937129	0.996463527898835	0.981424590983782	0.681360291491034	0.0877330856612131
"B0818"	0.0998428234621705	0.88840465814103	0.667678788311781	0.47956705008216	0.538579695649068	0.029613488604701	0.302743445023934	0.0174680288633279	0	0.493998714010145	0.854040151461027	0.608916196327784	0.00200042866328499	0.987425876973637	0.986961491748232	0.378509680645853	0.621133099949989	0.0564049439165535	0.915624776737872	0.992784168036008	0.742694863184968	0.844538115310424	0.850825176823605	0.00943059226977209	0.99667785954133	0.0327212974208759	0.00728727584482389	0.0095377580910195	0.0756233478602558	0.961384582410516	0.00725155390440809	0.0710509394870329	0.996070586554262	0.997428020290062	0.996820747302994	0.696792169750661	0.0877330856612131
"B0821"	0.43973708651854	0.870365078231049	0.653211402443381	0.44977495177538	0.46799314138744	0.494641708937629	0.479424162320497	0.491676787883118	0.493998714010145	0	0.825998428234622	0.227227262984925	0.494605986997214	0.905765521183111	0.973565764092305	0.417732371222405	0.618311066657141	0.467028648996213	0.907551618203901	0.980531542473387	0.741766092734157	0.832749874973209	0.840894477388012	0.494784596699293	0.996856469243409	0.494534543116382	0.49557047938844	0.491105236836465	0.494105879831392	0.935629063370722	0.496463527898835	0.424590983782239	0.505751232406944	0.50757305136815	0.996856469243409	0.695541901836108	0.474030149317711
"B1521"	0.827641637493749	0.78924055154676	0.558762591983997	0.825569764949632	0.723762234764592	0.850575123240694	0.837893834393084	0.837322283346431	0.854040151461027	0.825998428234622	0	0.605772665571194	0.853325712652711	0.788633278559691	0.801600342930628	0.740480102879188	0.83282131885404	0.824712438379653	0.904658141030221	0.96484961063085	0.853540044295206	0.842823462170465	0.843609344859613	0.846038436807887	0.979245552618418	0.854147317282275	0.854754590269343	0.847538758305351	0.842716296349218	0.934450239337001	0.856004858183897	0.830999499892834	0.953168536114882	0.970136457812388	0.978924055154676	0.834857469457741	0.818925484032293
"B1621"	0.553047081517468	0.799099807101522	0.434950346502822	0.562799171250982	0.456990783739373	0.608451811102379	0.590626562834893	0.605951275273273	0.608916196327784	0.227227262984925	0.605772665571194	0	0.609166249910695	0.742051868257484	0.80456526398514	0.448524683860827	0.601700364363792	0.580552975637637	0.905193970136458	0.981281703222119	0.740444380938773	0.830213617203686	0.838108166035579	0.609702079016932	0.997678073872973	0.608773308566121	0.607737372294063	0.60070015003215	0.605165392584125	0.934164463813674	0.6089519182682	0.53890119311281	0.618418232478388	0.61806101307423	0.99753518611131	0.695273987282989	0.572086875759091
"B1921"	0.0996284918196756	0.887475887690219	0.667142959205544	0.478995499035508	0.537222261913267	0.0280774451668215	0.302207615917697	0.0165749803529328	0.00200042866328499	0.494605986997214	0.853325712652711	0.609166249910695	0	0.988176037722369	0.987068657569479	0.377902407658784	0.620668714724584	0.0556547831678217	0.915053225691219	0.991748231763949	0.741944702436236	0.84439522754876	0.849896406372794	0.00800171465313996	0.99489176252054	0.0318639708508966	0.006358505394013	0.00939487032935629	0.0736943630778024	0.961384582410516	0.006358505394013	0.0710866614274487	0.99421304565264	0.996785025362578	0.994856040580124	0.695988426091305	0.0878759734228763
"B3017"	0.929984996785025	0.210688004572408	0.759519897120812	0.939701364578124	0.782703436450668	0.987925984139458	0.742694863184968	0.985282560548689	0.987425876973637	0.905765521183111	0.788633278559691	0.742051868257484	0.988176037722369	0	0.165785525469744	0.745838393941559	0.449560620132886	0.958991212402658	0.291491033792956	0.981960420090019	0.985818389654926	0.286097020790169	0.288347503036365	0.988354647424448	0.998749732085447	0.988211759662785	0.983889404872473	0.979174108737587	0.978852611273844	0.274094448810459	0.987890262199043	0.917732371222405	0.919375580481532	0.914731728227477	0.998749732085447	0.844859612774166	0.922054726012717
"B3021"	0.967421590340787	0.203293562906337	0.795884832464099	0.96552832749875	0.93019932842752	0.986568550403658	0.744480960205758	0.984246624276631	0.986961491748232	0.973565764092305	0.801600342930628	0.80456526398514	0.987068657569479	0.165785525469744	0	0.903336429234836	0.444166607130099	0.971851110952347	0.183896549260556	0.979602772022576	0.986354218761163	0.260591555333286	0.271522469100522	0.987247267271558	0.995499035507609	0.98799742802029	0.986032721297421	0.980888761877545	0.977673787240123	0.180467242980639	0.989712081160249	0.977602343359291	0.983817960991641	0.981674644566693	0.995713367150104	0.838465385439737	0.929699221261699
"B3618"	0.303922269057655	0.753054225905551	0.440344359505608	0.417553761520326	0.209330570836608	0.369472029720654	0.313067085804101	0.377438022433379	0.378509680645853	0.417732371222405	0.740480102879188	0.448524683860827	0.377902407658784	0.745838393941559	0.903336429234836	0	0.554547403014932	0.339608487533043	0.856612131170965	0.981460312924198	0.729692076873616	0.774523112095449	0.780774451668215	0.378331070943774	0.99667785954133	0.377473744373794	0.37282989211974	0.369329141958991	0.363970850896621	0.887583053511467	0.377866685718368	0.307637350860899	0.9179467028649	0.906980067157248	0.994927484460956	0.649889261984711	0.296706437093663
"B3621"	0.574801743230692	0.290490819461313	0.564620990212188	0.533578623990855	0.571372436950775	0.61891833964421	0.334964635278988	0.619882832035436	0.621133099949989	0.618311066657141	0.83282131885404	0.601700364363792	0.620668714724584	0.449560620132886	0.444166607130099	0.554547403014932	0	0.616417803815103	0.353682932056869	0.990033578623991	0.739801386011288	0.268700435807673	0.263520754447382	0.621168821890405	0.994677430878045	0.620597270843752	0.618525398299636	0.617632349789241	0.610916624991069	0.401478888333214	0.62249053368579	0.620240051439594	0.991748231763949	0.988497535186111	0.994391655354719	0.496570693720083	0.557655211831107
"B3717"	0.0724440951632493	0.868543259269844	0.652461241694649	0.451382439094092	0.509323426448525	0.0450096449239123	0.285596913624348	0.0536543545045367	0.0564049439165535	0.467028648996213	0.824712438379653	0.580552975637637	0.0556547831678217	0.958991212402658	0.971851110952347	0.339608487533043	0.616417803815103	0	0.904372365506894	0.978388226048439	0.714617418018147	0.811423876544974	0.81546045581196	0.0558333928699007	0.993355719082661	0.0563335000357219	0.0567978852611274	0.0534400228620419	0.065942702007573	0.935950560834464	0.0582982067585911	0.0447953132814174	0.964921054511681	0.955168964778167	0.990676573551475	0.694291633921555	0.0641208830463671
"B3721"	0.866900050010717	0.138208187468743	0.865971279559906	0.866828606129885	0.876759305565478	0.911552475530471	0.64163749374866	0.914374508823319	0.915624776737872	0.907551618203901	0.904658141030221	0.905193970136458	0.915053225691219	0.291491033792956	0.183896549260556	0.856612131170965	0.353682932056869	0.904372365506894	0	0.9875687647353	0.911195256126313	0.159141244552404	0.165178252482675	0.915446167035793	0.996820747302994	0.914374508823319	0.909623490748017	0.910016432092591	0.904693862970637	0.0499749946417089	0.914696006287061	0.908873329999286	0.988068871901122	0.982710580838751	0.994748874758877	0.735693362863471	0.85793384296635
"B4121"	0.979352718439666	0.97199399871401	0.965385439737087	0.978995499035508	0.965421161677502	0.989497749517754	0.982424805315425	0.979102664856755	0.992784168036008	0.980531542473387	0.96484961063085	0.981281703222119	0.991748231763949	0.981960420090019	0.979602772022576	0.981460312924198	0.990033578623991	0.978388226048439	0.9875687647353	0	0.683932271200972	0.984103736514968	0.985854111595342	0.98399657069372	0.981817532328356	0.992748446095592	0.994427377295135	0.988926198471101	0.983639351289562	0.982603415017504	0.994677430878045	0.981281703222119	0.968707580195756	0.983782239051225	0.982067585911267	0.978066728584697	0.982281917553761
"B4321"	0.741516039151247	0.888726155604772	0.740658712581267	0.741551761091663	0.740622990640852	0.732371222404801	0.741480317210831	0.741551761091663	0.742694863184968	0.741766092734157	0.853540044295206	0.740444380938773	0.741944702436236	0.985818389654926	0.986354218761163	0.729692076873616	0.739801386011288	0.714617418018147	0.911195256126313	0.683932271200972	0	0.774023004929628	0.780953061370294	0.742516253482889	0.995749089090519	0.740480102879188	0.740408658998357	0.741408873329999	0.734585982710581	0.9606701436022	0.741158819747089	0.741980424376652	0.993820104308066	0.981460312924198	0.994034435950561	0.741194541687504	0.74055154676002
"B4417"	0.789347717368007	0.116667857398014	0.776666428520397	0.77680931628206	0.801743230692291	0.836250625133957	0.551868257483747	0.844252339787097	0.844538115310424	0.832749874973209	0.842823462170465	0.830213617203686	0.84439522754876	0.286097020790169	0.260591555333286	0.774523112095449	0.268700435807673	0.811423876544974	0.159141244552404	0.984103736514968	0.774023004929628	0	0.0227548760448668	0.844502393370008	0.999035507608773	0.844359505608345	0.838643995141816	0.838286775737658	0.832285489747803	0.202507680217189	0.843859398442523	0.833750089304851	0.987175823390727	0.969993570050725	0.997356576409231	0.650282203329285	0.781095949131957
"B4421"	0.797385153961563	0.120204329499178	0.774058726870044	0.775166107022934	0.809852111166679	0.833285704079446	0.555797670929485	0.849467743087804	0.850825176823605	0.840894477388012	0.843609344859613	0.838108166035579	0.849896406372794	0.288347503036365	0.271522469100522	0.780774451668215	0.263520754447382	0.81546045581196	0.165178252482675	0.985854111595342	0.780953061370294	0.0227548760448668	0	0.850575123240694	0.99667785954133	0.849217689504894	0.84414517396585	0.845002500535829	0.828320354361649	0.212795599056941	0.849110523683646	0.842180467242981	0.984389512038294	0.962742016146317	0.990140744445238	0.649514181610345	0.790026434235908
"B1422"	0.0998071015217547	0.881188826177038	0.659748517539473	0.479209830678002	0.529827820247196	0.027255840537258	0.302636279202686	0.00914481674644567	0.00943059226977209	0.494784596699293	0.846038436807887	0.609702079016932	0.00800171465313996	0.988354647424448	0.987247267271558	0.378331070943774	0.621168821890405	0.0558333928699007	0.915446167035793	0.98399657069372	0.742516253482889	0.844502393370008	0.850575123240694	0	0.987497320854469	0.0323997999571337	0.0115024648138887	0.0112881331713939	0.0683360720154319	0.961491748231764	0.0112524112309781	0.0712652711295278	0.986925769807816	0.997177966707152	0.987497320854469	0.68862970636565	0.0880903050653711
"B1424"	0.996606415660499	0.987783096377795	0.87972422661999	0.995463313567193	0.855969136243481	0.992498392512681	0.998285346860041	0.981496034864614	0.99667785954133	0.996856469243409	0.979245552618418	0.997678073872973	0.99489176252054	0.998749732085447	0.995499035507609	0.99667785954133	0.994677430878045	0.993355719082661	0.996820747302994	0.981817532328356	0.995749089090519	0.999035507608773	0.99667785954133	0.987497320854469	0	0.991140958776881	0.997713795813389	0.998285346860041	0.985282560548689	0.999249839251268	0.992498392512681	0.997713795813389	0.696935057512324	0.996320640137172	0.012717010788026	0.97276202043295	0.998678288204615
"B1428"	0.0996642137600914	0.888368936200614	0.668036007715939	0.480245766950061	0.53822247624491	0.0315424733871544	0.302243337858112	0.031256697863828	0.0327212974208759	0.494534543116382	0.854147317282275	0.608773308566121	0.0318639708508966	0.988211759662785	0.98799742802029	0.377473744373794	0.620597270843752	0.0563335000357219	0.914374508823319	0.992748446095592	0.740480102879188	0.844359505608345	0.849217689504894	0.0323997999571337	0.991140958776881	0	0.0336500678716868	0.0343645066800029	0.0736943630778024	0.961420304350932	0.0288990497963849	0.0710509394870329	0.994534543116382	0.996213474315925	0.995141816103451	0.666428520397228	0.0876616417803815
"B1810"	0.100521540330071	0.886332785596914	0.669036222047582	0.480888761877545	0.537615203257841	0.0299349860684432	0.298278202471958	0.0195756233478603	0.00728727584482389	0.49557047938844	0.854754590269343	0.607737372294063	0.006358505394013	0.983889404872473	0.986032721297421	0.37282989211974	0.618525398299636	0.0567978852611274	0.909623490748017	0.994427377295135	0.740408658998357	0.838643995141816	0.84414517396585	0.0115024648138887	0.997713795813389	0.0336500678716868	0	0.00914481674644567	0.0716939344145174	0.957276559262699	0.00575123240694435	0.0722297635207544	0.995927698792598	0.992534114453097	0.996570693720083	0.695345431163821	0.0833035650496535
"B1811"	0.0961991855397585	0.881796099164107	0.661606058441095	0.476352075444738	0.53132814174466	0.031256697863828	0.2972422661999	0.0201828963349289	0.0095377580910195	0.491105236836465	0.847538758305351	0.60070015003215	0.00939487032935629	0.979174108737587	0.980888761877545	0.369329141958991	0.617632349789241	0.0534400228620419	0.910016432092591	0.988926198471101	0.741408873329999	0.838286775737658	0.845002500535829	0.0112881331713939	0.998285346860041	0.0343645066800029	0.00914481674644567	0	0.0756590698006716	0.956169179109809	0.00968064585268272	0.0670143602200472	0.992319782810602	0.991962563406444	0.998249624919626	0.699614203043509	0.0787668786168465
"B1813"	0.0978423947988855	0.87240122883475	0.657105093948703	0.477745231120955	0.52732728441809	0.053225691219547	0.295134671715368	0.067050082160463	0.0756233478602558	0.494105879831392	0.842716296349218	0.605165392584125	0.0736943630778024	0.978852611273844	0.977673787240123	0.363970850896621	0.610916624991069	0.065942702007573	0.904693862970637	0.983639351289562	0.734585982710581	0.832285489747803	0.828320354361649	0.0683360720154319	0.985282560548689	0.0736943630778024	0.0716939344145174	0.0756590698006716	0	0.954025862684861	0.0751232406944345	0.0764806744302351	0.978816889333429	0.968136029149103	0.9731013788669	0.6824140887333	0.0794455954847467
"B2418"	0.894727441594627	0.175466171322426	0.907908837608059	0.895263270700864	0.905729799242695	0.960741587483032	0.678716867900264	0.961313138529685	0.961384582410516	0.935629063370722	0.934450239337001	0.934164463813674	0.961384582410516	0.274094448810459	0.180467242980639	0.887583053511467	0.401478888333214	0.935950560834464	0.0499749946417089	0.982603415017504	0.9606701436022	0.202507680217189	0.212795599056941	0.961491748231764	0.999249839251268	0.961420304350932	0.957276559262699	0.956169179109809	0.954025862684861	0	0.961277416589269	0.936593555761949	0.9737800957348	0.968636136314925	0.999249839251268	0.782274773165678	0.888869043366436
"B2421"	0.101450310780882	0.89019075516182	0.669929270557977	0.481996142030435	0.539829963563621	0.0307923126384225	0.302207615917697	0.019254125884118	0.00725155390440809	0.496463527898835	0.856004858183897	0.6089519182682	0.006358505394013	0.987890262199043	0.989712081160249	0.377866685718368	0.62249053368579	0.0582982067585911	0.914696006287061	0.994677430878045	0.741158819747089	0.843859398442523	0.849110523683646	0.0112524112309781	0.992498392512681	0.0288990497963849	0.00575123240694435	0.00968064585268272	0.0751232406944345	0.961277416589269	0	0.0724798171036651	0.995927698792598	0.997035078945488	0.996499249839251	0.693934414517397	0.0872329784953919
"B0411"	0.0465814103022076	0.873008501821819	0.657605201114525	0.437772379795671	0.470136457812388	0.0710866614274487	0.286597127955991	0.0711938272486961	0.0710509394870329	0.424590983782239	0.830999499892834	0.53890119311281	0.0710866614274487	0.917732371222405	0.977602343359291	0.307637350860899	0.620240051439594	0.0447953132814174	0.908873329999286	0.981281703222119	0.741980424376652	0.833750089304851	0.842180467242981	0.0712652711295278	0.997713795813389	0.0710509394870329	0.0722297635207544	0.0670143602200472	0.0764806744302351	0.936593555761949	0.0724798171036651	0	0.92619847110095	0.926770022147603	0.997856683575052	0.698721154533114	0.0659784239479888
"B0413"	0.941808959062656	0.968957633778667	0.866042723440737	0.951239551332428	0.778416803600772	0.989211973994427	0.981424590983782	0.980853039937129	0.996070586554262	0.505751232406944	0.953168536114882	0.618418232478388	0.99421304565264	0.919375580481532	0.983817960991641	0.9179467028649	0.991748231763949	0.964921054511681	0.988068871901122	0.968707580195756	0.993820104308066	0.987175823390727	0.984389512038294	0.986925769807816	0.696935057512324	0.994534543116382	0.995927698792598	0.992319782810602	0.978816889333429	0.9737800957348	0.995927698792598	0.92619847110095	0	0.310780881617489	0.691683932271201	0.976262770593699	0.976173465742659
"B0415"	0.942059012645567	0.974601700364364	0.983532185468315	0.953168536114882	0.925126812888476	0.971029506322784	0.976709294848896	0.996463527898835	0.997428020290062	0.50757305136815	0.970136457812388	0.61806101307423	0.996785025362578	0.914731728227477	0.981674644566693	0.906980067157248	0.988497535186111	0.955168964778167	0.982710580838751	0.983782239051225	0.981460312924198	0.969993570050725	0.962742016146317	0.997177966707152	0.996320640137172	0.996213474315925	0.992534114453097	0.991962563406444	0.968136029149103	0.968636136314925	0.997035078945488	0.926770022147603	0.310780881617489	0	0.989497749517754	0.992230477959563	0.971458169607773
"B0619"	0.996534971779667	0.987461598914053	0.879617060798743	0.99532042580553	0.855826248481818	0.985711223833679	0.998142459098378	0.981424590983782	0.996820747302994	0.996856469243409	0.978924055154676	0.99753518611131	0.994856040580124	0.998749732085447	0.995713367150104	0.994927484460956	0.994391655354719	0.990676573551475	0.994748874758877	0.982067585911267	0.994034435950561	0.997356576409231	0.990140744445238	0.987497320854469	0.012717010788026	0.995141816103451	0.996570693720083	0.998249624919626	0.9731013788669	0.999249839251268	0.996499249839251	0.997856683575052	0.691683932271201	0.989497749517754	0	0.976852182610559	0.998821175966279
"B3818"	0.65339001214546	0.679717082231907	0.615221118811174	0.633457169393441	0.648228191755376	0.694648853325713	0.501285989854969	0.681360291491034	0.696792169750661	0.695541901836108	0.834857469457741	0.695273987282989	0.695988426091305	0.844859612774166	0.838465385439737	0.649889261984711	0.496570693720083	0.694291633921555	0.735693362863471	0.978066728584697	0.741194541687504	0.650282203329285	0.649514181610345	0.68862970636565	0.97276202043295	0.666428520397228	0.695345431163821	0.699614203043509	0.6824140887333	0.782274773165678	0.693934414517397	0.698721154533114	0.976262770593699	0.992230477959563	0.976852182610559	0	0.64904979638494
"B4021"	0.0549046224190898	0.810459384153747	0.620775880545831	0.435093234264485	0.478959777095092	0.0874115881974709	0.236193470029292	0.0877330856612131	0.0877330856612131	0.474030149317711	0.818925484032293	0.572086875759091	0.0878759734228763	0.922054726012717	0.929699221261699	0.296706437093663	0.557655211831107	0.0641208830463671	0.85793384296635	0.982281917553761	0.74055154676002	0.781095949131957	0.790026434235908	0.0880903050653711	0.998678288204615	0.0876616417803815	0.0833035650496535	0.0787668786168465	0.0794455954847467	0.888869043366436	0.0872329784953919	0.0659784239479888	0.976173465742659	0.971458169607773	0.998821175966279	0.64904979638494	0
