""	"A0102"	"A1301"	"A6601"	"A6801"	"B0102"	"B0501"	"B0701"	"B0801"	"B1501"	"B1601"	"B1603"	"B1901"	"B1902"	"B3001"	"B3002"	"B3601"	"B3603"	"B3701"	"B3703"	"B4101"	"B4102"	"B4303"	"B4403"	"B1401"	"B1403"	"B1801"	"B2401"	"B2403"	"B0402"	"B0603"	"B3802"	"B4002"
"A0102"	0	0.866792884189469	0.853968707580196	0.866471386725727	0.866971493891548	0.86636422090448	0.865864113738658	0.866542830606559	0.86772165464028	0.937629492034007	0.959062656283489	0.867864542401943	0.874223047795956	0.862220475816246	0.869150532256912	0.864363792241195	0.861184539544188	0.867864542401943	0.866149889261985	0.872186897192256	0.867685932699864	0.870829463456455	0.868578981210259	0.874115881974709	0.87615203257841	0.872972779881403	0.870365078231049	0.842144745302565	0.866471386725727	0.864721011645353	0.863792241194542	0.870329356290634
"A1301"	0.866792884189469	0	0.59602057583768	0.251196685003929	0.135243266414232	0.132671286704294	0.0657283703650782	0.109987854540259	0.256340644423805	0.929663499321283	0.950953775809102	0.538258198185325	0.565049653497178	0.504322354790312	0.563727941701793	0.272879902836322	0.284203757948132	0.255090376509252	0.252268343216404	0.570336500678717	0.295241837536615	0.511609630635136	0.345216832178324	0.61584625276845	0.492534114453097	0.562620561548903	0.563513610059298	0.9875687647353	0.0624776737872401	0.540401514610274	0.551653925841252	0.49957133671501
"A6601"	0.853968707580196	0.59602057583768	0	0.596484961063085	0.599378438236765	0.598413945845538	0.595520468671858	0.595699078373937	0.612595556190612	0.931556762163321	0.954133028506108	0.674894620275773	0.693041366007002	0.661963277845253	0.672644138029578	0.610916624991069	0.611095234693149	0.610952346931485	0.607272987068658	0.687504465242552	0.619347002929199	0.67628777595199	0.643959419875688	0.657962420518683	0.688468957633779	0.679824248053154	0.685968421804672	0.397335143244981	0.596377795241838	0.677430878045295	0.674287347288705	0.667071515324712
"A6801"	0.866471386725727	0.251196685003929	0.596484961063085	0	0.269486318496821	0.270379367007216	0.251839679931414	0.255590483675073	0.394084446667143	0.930556547831678	0.950810888047439	0.580803029220547	0.606344216617847	0.554368793312853	0.597020790169322	0.401014503107809	0.410016432092591	0.387082946345645	0.38951203829392	0.612738443952276	0.420625848396085	0.56912195470458	0.447667357290848	0.620490105022505	0.55669071943988	0.594948917625205	0.606987211545331	0.991248124598128	0.252839894263056	0.579659927127242	0.588840465814103	0.550189326284204
"B0102"	0.866971493891548	0.135243266414232	0.599378438236765	0.269486318496821	0	0.0413302850610845	0.112845609773523	0.0837322283346431	0.305565478316782	0.92798456812174	0.948596127741659	0.572515539044081	0.597556619275559	0.54511681074516	0.58759019789955	0.339322712009716	0.305636922197614	0.266521397442309	0.302993498606844	0.605701221690362	0.333785811245267	0.558512538401086	0.401657498035293	0.638386797170822	0.545545474030149	0.587804529542045	0.600843037793813	0.988568979066943	0.160641566049868	0.569157676644995	0.58426805744088	0.542116167750232
"B0501"	0.86636422090448	0.132671286704294	0.598413945845538	0.270379367007216	0.0413302850610845	0	0.110702293348575	0.07158676859327	0.301457455168965	0.928163177823819	0.952525541187397	0.56869329141959	0.592912767021505	0.540544402371937	0.582160462956348	0.334750303636494	0.302421947560191	0.26098449667786	0.298956919339859	0.601271701078803	0.323997999571337	0.553404300921626	0.395763377866686	0.63627920268629	0.541258841180253	0.582339072658427	0.598021004500965	0.990926627134386	0.154033007072944	0.56401371722512	0.58026720011431	0.539008358934057
"B0701"	0.865864113738658	0.0657283703650782	0.595520468671858	0.251839679931414	0.112845609773523	0.110702293348575	0	0.0769093377152247	0.258805458312496	0.927913124240909	0.950167893119954	0.534507394441666	0.559405586911481	0.501536043437879	0.555154676002	0.276702150460813	0.27766664285204	0.255697649496321	0.255911981138815	0.563620775880546	0.292241194541688	0.507144388083161	0.341608916196328	0.607880260055726	0.491641065942702	0.557262270486533	0.559762806315639	0.986782882046153	0.0813031363863685	0.53557905265414	0.546009859255555	0.495606201328856
"B0801"	0.866542830606559	0.109987854540259	0.595699078373937	0.255590483675073	0.0837322283346431	0.07158676859327	0.0769093377152247	0	0.276273487175823	0.928520397227977	0.950346502822033	0.538865471172394	0.563442166178467	0.510573694363078	0.549010502250482	0.315603343573623	0.286597127955991	0.270986639994285	0.277452311209545	0.57115810530828	0.306672858469672	0.526255626205616	0.367328713295706	0.606308494677431	0.522540544402372	0.55268986211331	0.567693077087947	0.986997213688648	0.117453740087162	0.540508680431521	0.55626205615489	0.51089519182682
"B1501"	0.86772165464028	0.256340644423805	0.612595556190612	0.394084446667143	0.305565478316782	0.301457455168965	0.258805458312496	0.276273487175823	0	0.925019647067229	0.948167464456669	0.447667357290848	0.46867185825534	0.407373008501822	0.440451525326856	0.0809101950417947	0.0997356576409231	0.0811245266842895	0.0428306065585483	0.448096020575838	0.144602414803172	0.38815460455812	0.174787454454526	0.5268986211331	0.369079088376081	0.458383939415589	0.450918053868686	0.984532399799957	0.251982567693077	0.434235907694506	0.447667357290848	0.40151461027363
"B1601"	0.937629492034007	0.929663499321283	0.931556762163321	0.930556547831678	0.92798456812174	0.928163177823819	0.927913124240909	0.928520397227977	0.925019647067229	0	0.951953990140744	0.922233335714796	0.925055369007645	0.922519111238122	0.918982639136958	0.922983496463528	0.925698363935129	0.924590983782239	0.922983496463528	0.922304779595628	0.915696220618704	0.922912052582696	0.916732156890762	0.919232692719869	0.921340287204401	0.923269271986854	0.92398371079517	0.993498606844324	0.928091733942988	0.923376437808102	0.921661784668143	0.922912052582696
"B1603"	0.959062656283489	0.950953775809102	0.954133028506108	0.950810888047439	0.948596127741659	0.952525541187397	0.950167893119954	0.950346502822033	0.948167464456669	0.951953990140744	0	0.946845752661285	0.947595913410016	0.947810245052511	0.941416017718082	0.950346502822033	0.949203400728728	0.948346074158748	0.9455240408659	0.946738586840037	0.951632492677002	0.948381796099164	0.937415160391513	0.943452168321783	0.948060298635422	0.946559977137958	0.947274415946274	0.990998071015218	0.950417946702865	0.950025005358291	0.947881688933343	0.948096020575838
"B1901"	0.867864542401943	0.538258198185325	0.674894620275773	0.580803029220547	0.572515539044081	0.56869329141959	0.534507394441666	0.538865471172394	0.447667357290848	0.922233335714796	0.946845752661285	0	0.0537972422661999	0.110845181110238	0.0933771522469101	0.455240408658998	0.452632707008645	0.466171322426234	0.448596127741659	0.0907337286561406	0.473029934986068	0.116417803815103	0.418125312566979	0.185861255983425	0.167571622490534	0.164106594270201	0.110845181110238	0.979781381724655	0.513395727655926	0.119918553975852	0.117560905908409	0.0916982210473673
"B1902"	0.874223047795956	0.565049653497178	0.693041366007002	0.606344216617847	0.597556619275559	0.592912767021505	0.559405586911481	0.563442166178467	0.46867185825534	0.925055369007645	0.947595913410016	0.0537972422661999	0	0.147817389440594	0.0942702007573051	0.479424162320497	0.476959348431807	0.489569193398585	0.470708008859041	0.0751589626348503	0.493141387440166	0.137565192541259	0.437843823676502	0.175287561620347	0.183539329856398	0.183753661498893	0.0991641065942702	0.981996142030435	0.540937343716511	0.118882617703794	0.116560691576766	0.124312352646996
"B3001"	0.862220475816246	0.504322354790312	0.661963277845253	0.554368793312853	0.54511681074516	0.540544402371937	0.501536043437879	0.510573694363078	0.407373008501822	0.922519111238122	0.947810245052511	0.110845181110238	0.147817389440594	0	0.154425948417518	0.416446381367436	0.414553118525398	0.428627563049225	0.410302207615918	0.152889904979639	0.428520397227977	0.0736943630778024	0.378116739301279	0.238479674215903	0.117025076802172	0.15117525183968	0.148281774666	0.975208973351432	0.482174751732514	0.148031721083089	0.150210759448453	0.0745159677073659
"B3002"	0.869150532256912	0.563727941701793	0.672644138029578	0.597020790169322	0.58759019789955	0.582160462956348	0.555154676002	0.549010502250482	0.440451525326856	0.918982639136958	0.941416017718082	0.0933771522469101	0.0942702007573051	0.154425948417518	0	0.448810459384154	0.47667357290848	0.480138601128813	0.440558691148103	0.0693005644066586	0.476030577980996	0.128884761020219	0.410802314781739	0.169250553690076	0.181824676716439	0.160355790526541	0.143316424948203	0.98110309352004	0.533578623990855	0.122097592341216	0.117525183967993	0.154140172894192
"B3601"	0.864363792241195	0.272879902836322	0.610916624991069	0.401014503107809	0.339322712009716	0.334750303636494	0.276702150460813	0.315603343573623	0.0809101950417947	0.922983496463528	0.950346502822033	0.455240408658998	0.479424162320497	0.416446381367436	0.448810459384154	0	0.0865542616274916	0.134778881188826	0.0899478459669929	0.456490676573551	0.176359219832821	0.397120811602486	0.183896549260556	0.538151032364078	0.373329999285561	0.470993784382368	0.459848538972637	0.981281703222119	0.270057869543474	0.433985854111595	0.448524683860827	0.408801886118454
"B3603"	0.861184539544188	0.284203757948132	0.611095234693149	0.410016432092591	0.305636922197614	0.302421947560191	0.27766664285204	0.286597127955991	0.0997356576409231	0.925698363935129	0.949203400728728	0.452632707008645	0.476959348431807	0.414553118525398	0.47667357290848	0.0865542616274916	0	0.0876973637207973	0.105129670643709	0.480174323069229	0.168714724583839	0.414946059869972	0.239837107951704	0.540937343716511	0.394227334428806	0.482960634421662	0.469314853182825	0.977280845895549	0.28123883689362	0.442737729513467	0.45888404658141	0.407658784025148
"B3701"	0.867864542401943	0.255090376509252	0.610952346931485	0.387082946345645	0.266521397442309	0.26098449667786	0.255697649496321	0.270986639994285	0.0811245266842895	0.924590983782239	0.948346074158748	0.466171322426234	0.489569193398585	0.428627563049225	0.480138601128813	0.134778881188826	0.0876973637207973	0	0.0815531899692791	0.485461170250768	0.154283060655855	0.4186254197328	0.233121383153533	0.547331571050939	0.391941130242195	0.481960420090019	0.474816032006859	0.987390155033221	0.257090805172537	0.452525541187397	0.466421376009145	0.419697077945274
"B3703"	0.866149889261985	0.252268343216404	0.607272987068658	0.38951203829392	0.302993498606844	0.298956919339859	0.255911981138815	0.277452311209545	0.0428306065585483	0.922983496463528	0.9455240408659	0.448596127741659	0.470708008859041	0.410302207615918	0.440558691148103	0.0899478459669929	0.105129670643709	0.0815531899692791	0	0.448881903264985	0.14470958062442	0.390976637850968	0.182646281346003	0.53022076159177	0.370579409873544	0.4593127098664	0.452561263127813	0.983032078302493	0.252518396799314	0.432735586197042	0.448596127741659	0.404658141030221
"B4101"	0.872186897192256	0.570336500678717	0.687504465242552	0.612738443952276	0.605701221690362	0.601271701078803	0.563620775880546	0.57115810530828	0.448096020575838	0.922304779595628	0.946738586840037	0.0907337286561406	0.0751589626348503	0.152889904979639	0.0693005644066586	0.456490676573551	0.480174323069229	0.485461170250768	0.448881903264985	0	0.489569193398585	0.132564120883046	0.410659427020076	0.15806958633993	0.171501035936272	0.178788311781096	0.124419518468243	0.975923412159749	0.545259698506823	0.103450739444167	0.0940915910552261	0.144066585696935
"B4102"	0.867685932699864	0.295241837536615	0.619347002929199	0.420625848396085	0.333785811245267	0.323997999571337	0.292241194541688	0.306672858469672	0.144602414803172	0.915696220618704	0.951632492677002	0.473029934986068	0.493141387440166	0.428520397227977	0.476030577980996	0.176359219832821	0.168714724583839	0.154283060655855	0.14470958062442	0.489569193398585	0	0.415910552261199	0.248660427234407	0.551618203900836	0.387190112166893	0.48867614488819	0.47778095306137	0.989426305636922	0.29392012574123	0.46177752375509	0.472779881403158	0.42551975423305
"B4303"	0.870829463456455	0.511609630635136	0.67628777595199	0.56912195470458	0.558512538401086	0.553404300921626	0.507144388083161	0.526255626205616	0.38815460455812	0.922912052582696	0.948381796099164	0.116417803815103	0.137565192541259	0.0736943630778024	0.128884761020219	0.397120811602486	0.414946059869972	0.4186254197328	0.390976637850968	0.132564120883046	0.415910552261199	0	0.358934057297992	0.242051868257484	0.0972708437522326	0.141816103450739	0.131385296849325	0.984175180395799	0.489140530113596	0.144852468386083	0.148174608844752	0.0673001357433736
"B4403"	0.868578981210259	0.345216832178324	0.643959419875688	0.447667357290848	0.401657498035293	0.395763377866686	0.341608916196328	0.367328713295706	0.174787454454526	0.916732156890762	0.937415160391513	0.418125312566979	0.437843823676502	0.378116739301279	0.410802314781739	0.183896549260556	0.239837107951704	0.233121383153533	0.182646281346003	0.410659427020076	0.248660427234407	0.358934057297992	0	0.489033364292348	0.337965278273916	0.420268628991927	0.415910552261199	0.98221047367293	0.334464528113167	0.404443809387726	0.418161034507394	0.372186897192256
"B1401"	0.874115881974709	0.61584625276845	0.657962420518683	0.620490105022505	0.638386797170822	0.63627920268629	0.607880260055726	0.606308494677431	0.5268986211331	0.919232692719869	0.943452168321783	0.185861255983425	0.175287561620347	0.238479674215903	0.169250553690076	0.538151032364078	0.540937343716511	0.547331571050939	0.53022076159177	0.15806958633993	0.551618203900836	0.242051868257484	0.489033364292348	0	0.262449096234907	0.244838179609916	0.234728870472244	0.945202543402158	0.590519397013646	0.155354718868329	0.134314495963421	0.249874973208545
"B1403"	0.87615203257841	0.492534114453097	0.688468957633779	0.55669071943988	0.545545474030149	0.541258841180253	0.491641065942702	0.522540544402372	0.369079088376081	0.921340287204401	0.948060298635422	0.167571622490534	0.183539329856398	0.117025076802172	0.181824676716439	0.373329999285561	0.394227334428806	0.391941130242195	0.370579409873544	0.171501035936272	0.387190112166893	0.0972708437522326	0.337965278273916	0.262449096234907	0	0.183646495677645	0.170357933842966	0.985068228906194	0.487175823390727	0.151032364078017	0.157890976637851	0.116917910980924
"B1801"	0.872972779881403	0.562620561548903	0.679824248053154	0.594948917625205	0.587804529542045	0.582339072658427	0.557262270486533	0.55268986211331	0.458383939415589	0.923269271986854	0.946559977137958	0.164106594270201	0.183753661498893	0.15117525183968	0.160355790526541	0.470993784382368	0.482960634421662	0.481960420090019	0.4593127098664	0.178788311781096	0.48867614488819	0.141816103450739	0.420268628991927	0.244838179609916	0.183646495677645	0	0.176252054011574	0.985496892191184	0.543294991783954	0.193577195113239	0.182932056869329	0.159819961420304
"B2401"	0.870365078231049	0.563513610059298	0.685968421804672	0.606987211545331	0.600843037793813	0.598021004500965	0.559762806315639	0.567693077087947	0.450918053868686	0.92398371079517	0.947274415946274	0.110845181110238	0.0991641065942702	0.148281774666	0.143316424948203	0.459848538972637	0.469314853182825	0.474816032006859	0.452561263127813	0.124419518468243	0.47778095306137	0.131385296849325	0.415910552261199	0.234728870472244	0.170357933842966	0.176252054011574	0	0.978281060227192	0.539794241623205	0.160927341573194	0.157926698578267	0.126955776237765
"B2403"	0.842144745302565	0.9875687647353	0.397335143244981	0.991248124598128	0.988568979066943	0.990926627134386	0.986782882046153	0.986997213688648	0.984532399799957	0.993498606844324	0.990998071015218	0.979781381724655	0.981996142030435	0.975208973351432	0.98110309352004	0.981281703222119	0.977280845895549	0.987390155033221	0.983032078302493	0.975923412159749	0.989426305636922	0.984175180395799	0.98221047367293	0.945202543402158	0.985068228906194	0.985496892191184	0.978281060227192	0	0.986997213688648	0.977888118882618	0.976459241265986	0.984175180395799
"B0402"	0.866471386725727	0.0624776737872401	0.596377795241838	0.252839894263056	0.160641566049868	0.154033007072944	0.0813031363863685	0.117453740087162	0.251982567693077	0.928091733942988	0.950417946702865	0.513395727655926	0.540937343716511	0.482174751732514	0.533578623990855	0.270057869543474	0.28123883689362	0.257090805172537	0.252518396799314	0.545259698506823	0.29392012574123	0.489140530113596	0.334464528113167	0.590519397013646	0.487175823390727	0.543294991783954	0.539794241623205	0.986997213688648	0	0.528720440094306	0.5393298563978	0.478423947988855
"B0603"	0.864721011645353	0.540401514610274	0.677430878045295	0.579659927127242	0.569157676644995	0.56401371722512	0.53557905265414	0.540508680431521	0.434235907694506	0.923376437808102	0.950025005358291	0.119918553975852	0.118882617703794	0.148031721083089	0.122097592341216	0.433985854111595	0.442737729513467	0.452525541187397	0.432735586197042	0.103450739444167	0.46177752375509	0.144852468386083	0.404443809387726	0.155354718868329	0.151032364078017	0.193577195113239	0.160927341573194	0.977888118882618	0.528720440094306	0	0.0557976709294849	0.159319854254483
"B3802"	0.863792241194542	0.551653925841252	0.674287347288705	0.588840465814103	0.58426805744088	0.58026720011431	0.546009859255555	0.55626205615489	0.447667357290848	0.921661784668143	0.947881688933343	0.117560905908409	0.116560691576766	0.150210759448453	0.117525183967993	0.448524683860827	0.45888404658141	0.466421376009145	0.448596127741659	0.0940915910552261	0.472779881403158	0.148174608844752	0.418161034507394	0.134314495963421	0.157890976637851	0.182932056869329	0.157926698578267	0.976459241265986	0.5393298563978	0.0557976709294849	0	0.17050082160463
"B4002"	0.870329356290634	0.49957133671501	0.667071515324712	0.550189326284204	0.542116167750232	0.539008358934057	0.495606201328856	0.51089519182682	0.40151461027363	0.922912052582696	0.948096020575838	0.0916982210473673	0.124312352646996	0.0745159677073659	0.154140172894192	0.408801886118454	0.407658784025148	0.419697077945274	0.404658141030221	0.144066585696935	0.42551975423305	0.0673001357433736	0.372186897192256	0.249874973208545	0.116917910980924	0.159819961420304	0.126955776237765	0.984175180395799	0.478423947988855	0.159319854254483	0.17050082160463	0
