""	"A0107"	"A1307"	"A6608"	"A6805"	"B0108"	"B0508"	"B0706"	"B0809"	"B1504"	"B1508"	"B1604"	"B1607"	"B1904"	"B1907"	"B3004"	"B3007"	"B3604"	"B3607"	"B3704"	"B3707"	"B4105"	"B4107"	"B4304"	"B4307"	"B4404"	"B4407"	"B1404"	"B1804"	"B2404"	"B2407"	"B0408"	"B0604"	"B0605"	"B0607"	"B3804"	"B3807"	"B4004"	"B4007"
"A0107"	0	0.978102450525113	0.96756447810245	0.992462670572265	0.903014931771094	0.970386511395299	0.970850896620704	0.97088661856112	0.959562763449311	0.984175180395799	0.870543687933129	0.992784168036008	0.96663570765164	0.914517396584983	0.968779024076588	0.986104165178253	0.969243409301993	0.890333642923484	0.969314853182825	0.911873972994213	0.960705865542616	0.967885975566193	0.967457312281203	0.96774308780453	0.869436307780239	0.997177966707152	0.96442094734586	0.967885975566193	0.426984353790098	0.928913338572551	0.970457955276131	0.969672072586983	0.96867185825534	0.968207473029935	0.969314853182825	0.87836679288419	0.998785454025863	0.994070157890977
"A1307"	0.978102450525113	0	0.21918982639137	0.974351646781453	0.193041366007002	0.971815389011931	0.99021218832607	0.97020790169322	0.945809816389226	0.991462456240623	0.972065442594842	0.990712295491891	0.985425448310352	0.997428020290062	0.98910480817318	0.992855611916839	0.98867614488819	0.988711866828606	0.989069086232764	0.966349932128313	0.98467528756162	0.986532828463242	0.986282774880331	0.990819461313139	0.989319139815675	0.998714010145031	0.989247695934843	0.98510395084661	0.563120668714725	0.714974637422305	0.980067157247982	0.987961706079874	0.988497535186111	0.98910480817318	0.989319139815675	0.99199828534686	0.99889261984711	0.99532042580553
"A6608"	0.96756447810245	0.21918982639137	0	0.949703507894549	0.128313209973566	0.778131028077445	0.989354861756091	0.804493820104308	0.757840965921269	0.989462027577338	0.774023004929628	0.991069514896049	0.981603200685861	0.994641708937629	0.984746731442452	0.991355290419376	0.987497320854469	0.985139672787026	0.987533042794885	0.770700864470958	0.98110309352004	0.984032292634136	0.984568121740373	0.987354433092806	0.985568336072015	0.997713795813389	0.986282774880331	0.981388869043366	0.556583553618633	0.705865542616275	0.973422876330642	0.98663999428449	0.987068657569479	0.986425662641995	0.987640208616132	0.988961920411517	0.998821175966279	0.995141816103451
"A6805"	0.992462670572265	0.974351646781453	0.949703507894549	0	0.950025005358291	0.953132814174466	0.988604701007359	0.41283846538544	0.926805744088019	0.0482960634421662	0.919447024362363	0.0452596985068229	0.959562763449311	0.998142459098378	0.520254340215761	0.622669143387869	0.99021218832607	0.99131956847896	0.989854968921912	0.954597413731514	0.929234836036294	0.954776023433593	0.974851753947274	0.997177966707152	0.996856469243409	0.0514753161391727	0.98978352504108	0.975816246338501	0.990390798028149	0.927234407373009	0.0392584125169679	0.995177538043867	0.98842609130528	0.989819246981496	0.961384582410516	0.997249410587983	0.0529756376366364	0.877009359148389
"B0108"	0.903014931771094	0.193041366007002	0.128313209973566	0.950025005358291	0	0.888190326498535	0.986318496820747	0.886582839179824	0.873758662570551	0.991605344002286	0.884761020218618	0.990962349074802	0.980460098592556	0.997499464170894	0.982496249196256	0.99156962206187	0.984996785025363	0.984996785025363	0.985318282489105	0.888547545902693	0.980853039937129	0.98263913695792	0.982567693077088	0.987354433092806	0.985818389654926	0.99889261984711	0.985496892191184	0.980745874115882	0.491605344002286	0.68343216403515	0.963420733014217	0.984389512038294	0.984853897263699	0.985175394727442	0.985604058012431	0.989247695934843	0.998964063727942	0.995463313567193
"B0508"	0.970386511395299	0.971815389011931	0.778131028077445	0.953132814174466	0.888190326498535	0	0.243230692291205	0.546581410302208	0.522254768879046	0.994320211473887	0.647495891976852	0.994963206401372	0.586304208044581	0.99599914267343	0.742551975423305	0.980817317996714	0.392084018003858	0.400871615346146	0.388261770379367	0.760591555333286	0.60273630063585	0.6344931056655	0.5944845323998	0.91819675644781	0.829320568693291	0.997249410587983	0.561334571693934	0.540937343716511	0.997142244766736	0.682431949703508	0.990783739372723	0.436629277702365	0.537865256840752	0.54179467028649	0.547903122097592	0.970779452739873	0.997892405515468	0.992462670572265
"B0706"	0.970850896620704	0.99021218832607	0.989354861756091	0.988604701007359	0.986318496820747	0.243230692291205	0	0.722369079088376	0.744230906622848	0.990748017432307	0.868221761806101	0.989176252054012	0.555190397942416	0.995856254911767	0.732264056583554	0.971279559905694	0.294491676787883	0.332892762734872	0.275237550903765	0.992998499678503	0.568443237836679	0.601093091376724	0.561977566621419	0.918518253911553	0.828320354361649	0.990140744445238	0.532292634135886	0.506358505394013	0.994177323712224	0.665535471886833	0.990497963849396	0.336965063942273	0.506144173751518	0.509644923912267	0.51268128884761	0.970743730799457	0.988318925484032	0.983139244123741
"B0809"	0.97088661856112	0.97020790169322	0.804493820104308	0.41283846538544	0.886582839179824	0.546581410302208	0.722369079088376	0	0.592234050153604	0.452239765664071	0.669964992498392	0.454383082089019	0.730656569264842	0.996463527898835	0.335143244981067	0.609237693791527	0.730192184039437	0.731585339715653	0.72787025791241	0.807851682503394	0.710545116810745	0.740694434521683	0.753197113667214	0.921304565263985	0.846467100092877	0.456562120454383	0.756840751589626	0.739587054368793	0.994677430878045	0.721833249982139	0.450668000285776	0.740515824819604	0.747231549617775	0.748624705293992	0.722583410730871	0.973137100807316	0.457419447024362	0.872794170179324
"B1504"	0.959562763449311	0.945809816389226	0.757840965921269	0.926805744088019	0.873758662570551	0.522254768879046	0.744230906622848	0.592234050153604	0	0.959169822104737	0.562013288561835	0.968636136314925	0.674108737586626	0.986139887118668	0.688861898978352	0.945666928627563	0.702543402157605	0.693934414517397	0.700007144388083	0.508501821818961	0.676787883117811	0.679967135814817	0.684218046724298	0.911373865828392	0.810423662213331	0.972279774237337	0.707008644709581	0.68607558762592	0.990176466385654	0.686397085089662	0.965171108094592	0.712331213831535	0.708723297849539	0.709794956062013	0.692148317496606	0.954561691791098	0.970100735871973	0.959777095091805
"B1508"	0.984175180395799	0.991462456240623	0.989462027577338	0.0482960634421662	0.991605344002286	0.994320211473887	0.990748017432307	0.452239765664071	0.959169822104737	0	0.946488533257127	0.0208258912624134	0.96177752375509	0.984389512038294	0.521254554547403	0.623526469957848	0.992712724155176	0.979852825605487	0.991391012359791	0.97667357290848	0.926519968564692	0.956955061798957	0.97753089947846	0.99421304565264	0.983925126812888	0.0286847181538901	0.987211545331142	0.975816246338501	0.995677645209688	0.932164035150389	0.0386154175894835	0.996856469243409	0.99156962206187	0.990819461313139	0.96331356719297	0.98399657069372	0.0389011931128099	0.879081231692506
"B1604"	0.870543687933129	0.972065442594842	0.774023004929628	0.919447024362363	0.884761020218618	0.647495891976852	0.868221761806101	0.669964992498392	0.562013288561835	0.946488533257127	0	0.961491748231764	0.814138744016575	0.828963349289133	0.810245052511252	0.935093234264485	0.851789669214832	0.752625562620562	0.848717582339073	0.568871901121669	0.793562906337072	0.810173608630421	0.79545616917911	0.912481245981282	0.696470672286919	0.963277845252554	0.854147317282275	0.827212974208759	0.993605772665571	0.822640565835536	0.957455168964778	0.862113309994999	0.85614774594556	0.857326569979281	0.823355004643852	0.776059155533329	0.954740301493177	0.948917625205401
"B1607"	0.992784168036008	0.990712295491891	0.991069514896049	0.0452596985068229	0.990962349074802	0.994963206401372	0.989176252054012	0.454383082089019	0.968636136314925	0.0208258912624134	0.961491748231764	0	0.959884260913053	0.998035293277131	0.520933057083661	0.623419304136601	0.99046224190898	0.991605344002286	0.99021218832607	0.99557047938844	0.929663499321283	0.955633350003572	0.975101807530185	0.997320854468815	0.996927913124241	0.0165035364721012	0.990247910266486	0.976209187683075	0.990069300564407	0.927234407373009	0.0303993712938487	0.995856254911767	0.988926198471101	0.990176466385654	0.961670357933843	0.997463742230478	0.0385439737086519	0.878081017360863
"B1904"	0.96663570765164	0.985425448310352	0.981603200685861	0.959562763449311	0.980460098592556	0.586304208044581	0.555190397942416	0.730656569264842	0.674108737586626	0.96177752375509	0.814138744016575	0.959884260913053	0	0.992748446095592	0.461205972708437	0.890047867400157	0.448560405801243	0.448310352218332	0.448131742516253	0.990605129670644	0.0974851753947274	0.116560691576766	0.0903765092519826	0.909837822390512	0.816174894620276	0.960884475244695	0.117060798742588	0.105986997213689	0.989069086232764	0.332785596913624	0.961491748231764	0.46263485032507	0.120775880545831	0.118418232478388	0.0981281703222119	0.953382867757377	0.943416446381367	0.904515253268558
"B1907"	0.914517396584983	0.997428020290062	0.994641708937629	0.998142459098378	0.997499464170894	0.99599914267343	0.995856254911767	0.996463527898835	0.986139887118668	0.984389512038294	0.828963349289133	0.998035293277131	0.992748446095592	0	0.992534114453097	0.993998714010145	0.994105879831392	0.893977280845896	0.99378438236765	0.483389297706651	0.986997213688648	0.992998499678503	0.993605772665571	0.989640637279417	0.200650139315568	0.998463956562121	0.989033364292348	0.992141173108523	0.997892405515468	0.992712724155176	0.999214117310852	0.993712938486819	0.993855826248482	0.992819889976424	0.993712938486819	0.197899549903551	0.999071229549189	0.996570693720083
"B3004"	0.968779024076588	0.98910480817318	0.984746731442452	0.520254340215761	0.982496249196256	0.742551975423305	0.732264056583554	0.335143244981067	0.688861898978352	0.521254554547403	0.810245052511252	0.520933057083661	0.461205972708437	0.992534114453097	0	0.593877259412731	0.669214831749661	0.670143602200472	0.666714295920554	0.990533685789812	0.42909194827463	0.459812817032221	0.474101593198543	0.913159962849182	0.81971136672144	0.521933271415303	0.507215831963992	0.478245338286776	0.992605558333929	0.443059226977209	0.522504822461956	0.686647138672573	0.506858612559834	0.507251553904408	0.471636779309852	0.953132814174466	0.512216903622205	0.862006144173752
"B3007"	0.986104165178253	0.992855611916839	0.991355290419376	0.622669143387869	0.99156962206187	0.980817317996714	0.971279559905694	0.609237693791527	0.945666928627563	0.623526469957848	0.935093234264485	0.623419304136601	0.890047867400157	0.993998714010145	0.593877259412731	0	0.973351432449811	0.973029934986068	0.970743730799457	0.991641065942702	0.893334285918411	0.857683789383439	0.924912481245981	0.979959991426734	0.976745016789312	0.622383367864542	0.971708223190684	0.943059226977209	0.993927270129313	0.906551403872258	0.624812459812817	0.975673358576838	0.972958491105237	0.971529613488605	0.929877830963778	0.980638708294635	0.586732871329571	0.328034578838322
"B3604"	0.969243409301993	0.98867614488819	0.987497320854469	0.99021218832607	0.984996785025363	0.392084018003858	0.294491676787883	0.730192184039437	0.702543402157605	0.992712724155176	0.851789669214832	0.99046224190898	0.448560405801243	0.994105879831392	0.669214831749661	0.973351432449811	0	0.126098449667786	0.0896977923840823	0.99242694863185	0.442023290705151	0.495141816103451	0.450167893119954	0.915267557333714	0.818746874330214	0.991676787883118	0.402764878188183	0.416124883903694	0.992176895048939	0.592341215974852	0.99199828534686	0.217760948774737	0.371793955847682	0.374901764663857	0.424519539901407	0.955383296420662	0.992355504751018	0.986282774880331
"B3607"	0.890333642923484	0.988711866828606	0.985139672787026	0.99131956847896	0.984996785025363	0.400871615346146	0.332892762734872	0.731585339715653	0.693934414517397	0.979852825605487	0.752625562620562	0.991605344002286	0.448310352218332	0.893977280845896	0.670143602200472	0.973029934986068	0.126098449667786	0	0.138636850753733	0.892262627705937	0.439665642637708	0.49753518611131	0.451775380438665	0.909016217760949	0.718153890119311	0.991819675644781	0.401871829677788	0.415374723154962	0.992248338929771	0.593341430306494	0.993177109380582	0.246017003643638	0.374508823319283	0.376652139744231	0.427270129313424	0.854968921911838	0.993391441023076	0.98731871115239
"B3704"	0.969314853182825	0.989069086232764	0.987533042794885	0.989854968921912	0.985318282489105	0.388261770379367	0.275237550903765	0.72787025791241	0.700007144388083	0.991391012359791	0.848717582339073	0.99021218832607	0.448131742516253	0.99378438236765	0.666714295920554	0.970743730799457	0.0896977923840823	0.138636850753733	0	0.992105451168107	0.442702007573051	0.496213474315925	0.449917839537044	0.914160177180824	0.817960991641066	0.990390798028149	0.403157819532757	0.412767021504608	0.992391226691434	0.59091233835822	0.991712509823534	0.175823390726584	0.371651068086018	0.375437593770094	0.424233764378081	0.95488318925484	0.990069300564407	0.984210902336215
"B3707"	0.911873972994213	0.966349932128313	0.770700864470958	0.954597413731514	0.888547545902693	0.760591555333286	0.992998499678503	0.807851682503394	0.508501821818961	0.97667357290848	0.568871901121669	0.99557047938844	0.990605129670644	0.483389297706651	0.990533685789812	0.991641065942702	0.99242694863185	0.892262627705937	0.992105451168107	0	0.984853897263699	0.989712081160249	0.990926627134386	0.987640208616132	0.478281060227192	0.998535400442952	0.98731871115239	0.990605129670644	0.998642566264199	0.99089090519397	0.992248338929771	0.992212616989355	0.992176895048939	0.991212402657712	0.992105451168107	0.478352504108023	0.999214117310852	0.994927484460956
"B4105"	0.960705865542616	0.98467528756162	0.98110309352004	0.929234836036294	0.980853039937129	0.60273630063585	0.568443237836679	0.710545116810745	0.676787883117811	0.926519968564692	0.793562906337072	0.929663499321283	0.0974851753947274	0.986997213688648	0.42909194827463	0.893334285918411	0.442023290705151	0.439665642637708	0.442702007573051	0.984853897263699	0	0.125241123097807	0.0983425019647067	0.907408730442238	0.811280988783311	0.931521040222905	0.140887332999929	0.147245838393942	0.988318925484032	0.307744516682146	0.931378152461242	0.481174537400872	0.141101664642423	0.141101664642423	0.135350432235479	0.947667357290848	0.913552904193756	0.907801671786811
"B4107"	0.967885975566193	0.986532828463242	0.984032292634136	0.954776023433593	0.98263913695792	0.6344931056655	0.601093091376724	0.740694434521683	0.679967135814817	0.956955061798957	0.810173608630421	0.955633350003572	0.116560691576766	0.992998499678503	0.459812817032221	0.857683789383439	0.495141816103451	0.49753518611131	0.496213474315925	0.989712081160249	0.125241123097807	0	0.154425948417518	0.910873758662571	0.817032221190255	0.957133671501036	0.179395584768165	0.188076016289205	0.991355290419376	0.338179609916411	0.956669286275631	0.532864185182539	0.184575266128456	0.181753232835608	0.177180824462385	0.95352575551904	0.939594198756876	0.871758233907266
"B4304"	0.967457312281203	0.986282774880331	0.984568121740373	0.974851753947274	0.982567693077088	0.5944845323998	0.561977566621419	0.753197113667214	0.684218046724298	0.97753089947846	0.79545616917911	0.975101807530185	0.0903765092519826	0.993605772665571	0.474101593198543	0.924912481245981	0.450167893119954	0.451775380438665	0.449917839537044	0.990926627134386	0.0983425019647067	0.154425948417518	0	0.9048367507323	0.814960348646138	0.969243409301993	0.13074230192184	0.124169464885333	0.990497963849396	0.35461170250768	0.976709294848896	0.473958705436879	0.127920268628992	0.131742516253483	0.126348503250697	0.954275916267772	0.959062656283489	0.93820104308066
"B4307"	0.96774308780453	0.990819461313139	0.987354433092806	0.997177966707152	0.987354433092806	0.91819675644781	0.918518253911553	0.921304565263985	0.911373865828392	0.99421304565264	0.912481245981282	0.997320854468815	0.909837822390512	0.989640637279417	0.913159962849182	0.979959991426734	0.915267557333714	0.909016217760949	0.914160177180824	0.987640208616132	0.907408730442238	0.910873758662571	0.9048367507323	0	0.912552689862113	0.985568336072015	0.908373222833464	0.909444881045938	0.997356576409231	0.913660070015003	0.99889261984711	0.905479745659784	0.914017289419161	0.911481031649639	0.913159962849182	0.964921054511681	0.998785454025863	0.993177109380582
"B4404"	0.869436307780239	0.989319139815675	0.985568336072015	0.996856469243409	0.985818389654926	0.829320568693291	0.828320354361649	0.846467100092877	0.810423662213331	0.983925126812888	0.696470672286919	0.996927913124241	0.816174894620276	0.200650139315568	0.81971136672144	0.976745016789312	0.818746874330214	0.718153890119311	0.817960991641066	0.478281060227192	0.811280988783311	0.817032221190255	0.814960348646138	0.912552689862113	0	0.995284703865114	0.814924626705723	0.816424948203186	0.995784811030935	0.817960991641066	0.998535400442952	0.819139815674787	0.819568478959777	0.81792526970065	0.819961420304351	0.151068086018433	0.998571122383368	0.990712295491891
"B4407"	0.997177966707152	0.998714010145031	0.997713795813389	0.0514753161391727	0.99889261984711	0.997249410587983	0.990140744445238	0.456562120454383	0.972279774237337	0.0286847181538901	0.963277845252554	0.0165035364721012	0.960884475244695	0.998463956562121	0.521933271415303	0.622383367864542	0.991676787883118	0.991819675644781	0.990390798028149	0.998535400442952	0.931521040222905	0.957133671501036	0.969243409301993	0.985568336072015	0.995284703865114	0	0.990712295491891	0.975923412159749	0.995391869686361	0.932271200971637	0.0365078231049511	0.996106308494677	0.990676573551475	0.990533685789812	0.962670572265485	0.998071015217547	0.0385439737086519	0.877330856612131
"B1404"	0.96442094734586	0.989247695934843	0.986282774880331	0.98978352504108	0.985496892191184	0.561334571693934	0.532292634135886	0.756840751589626	0.707008644709581	0.987211545331142	0.854147317282275	0.990247910266486	0.117060798742588	0.989033364292348	0.507215831963992	0.971708223190684	0.402764878188183	0.401871829677788	0.403157819532757	0.98731871115239	0.140887332999929	0.179395584768165	0.13074230192184	0.908373222833464	0.814924626705723	0.990712295491891	0	0.0864113738658284	0.992498392512681	0.378652568407516	0.991783953704365	0.432592698435379	0.0485461170250768	0.0547260127170108	0.0904479531328142	0.949596342073301	0.991391012359791	0.985961277416589
"B1804"	0.967885975566193	0.98510395084661	0.981388869043366	0.975816246338501	0.980745874115882	0.540937343716511	0.506358505394013	0.739587054368793	0.68607558762592	0.975816246338501	0.827212974208759	0.976209187683075	0.105986997213689	0.992141173108523	0.478245338286776	0.943059226977209	0.416124883903694	0.415374723154962	0.412767021504608	0.990605129670644	0.147245838393942	0.188076016289205	0.124169464885333	0.909444881045938	0.816424948203186	0.975923412159749	0.0864113738658284	0	0.988318925484032	0.364292348360363	0.977709509180539	0.435664785311138	0.0832678431092377	0.0869472029720654	0.0650139315567622	0.952739872829892	0.963599342716296	0.957133671501036
"B2404"	0.426984353790098	0.563120668714725	0.556583553618633	0.990390798028149	0.491605344002286	0.997142244766736	0.994177323712224	0.994677430878045	0.990176466385654	0.995677645209688	0.993605772665571	0.990069300564407	0.989069086232764	0.997892405515468	0.992605558333929	0.993927270129313	0.992176895048939	0.992248338929771	0.992391226691434	0.998642566264199	0.988318925484032	0.991355290419376	0.990497963849396	0.997356576409231	0.995784811030935	0.995391869686361	0.992498392512681	0.988318925484032	0	0.690540830177895	0.967135814817461	0.993748660427234	0.991891119525613	0.992391226691434	0.992569836393513	0.997428020290062	0.995391869686361	0.994784596699293
"B2407"	0.928913338572551	0.714974637422305	0.705865542616275	0.927234407373009	0.68343216403515	0.682431949703508	0.665535471886833	0.721833249982139	0.686397085089662	0.932164035150389	0.822640565835536	0.927234407373009	0.332785596913624	0.992712724155176	0.443059226977209	0.906551403872258	0.592341215974852	0.593341430306494	0.59091233835822	0.99089090519397	0.307744516682146	0.338179609916411	0.35461170250768	0.913660070015003	0.817960991641066	0.932271200971637	0.378652568407516	0.364292348360363	0.690540830177895	0	0.9055154676002	0.605201114524541	0.377830963777952	0.3772594127313	0.35529041937558	0.953347145816961	0.926591412445524	0.920661570336501
"B0408"	0.970457955276131	0.980067157247982	0.973422876330642	0.0392584125169679	0.963420733014217	0.990783739372723	0.990497963849396	0.450668000285776	0.965171108094592	0.0386154175894835	0.957455168964778	0.0303993712938487	0.961491748231764	0.999214117310852	0.522504822461956	0.624812459812817	0.99199828534686	0.993177109380582	0.991712509823534	0.992248338929771	0.931378152461242	0.956669286275631	0.976709294848896	0.99889261984711	0.998535400442952	0.0365078231049511	0.991783953704365	0.977709509180539	0.967135814817461	0.9055154676002	0	0.997356576409231	0.990283632206902	0.991676787883118	0.963099235550475	0.998928341787526	0.0475459026934343	0.878866900050011
"B0604"	0.969672072586983	0.987961706079874	0.98663999428449	0.995177538043867	0.984389512038294	0.436629277702365	0.336965063942273	0.740515824819604	0.712331213831535	0.996856469243409	0.862113309994999	0.995856254911767	0.46263485032507	0.993712938486819	0.686647138672573	0.975673358576838	0.217760948774737	0.246017003643638	0.175823390726584	0.992212616989355	0.481174537400872	0.532864185182539	0.473958705436879	0.905479745659784	0.819139815674787	0.996106308494677	0.432592698435379	0.435664785311138	0.993748660427234	0.605201114524541	0.997356576409231	0	0.424626705722655	0.428699006930056	0.450096449239123	0.956847895977709	0.994570265056798	0.989069086232764
"B0605"	0.96867185825534	0.988497535186111	0.987068657569479	0.98842609130528	0.984853897263699	0.537865256840752	0.506144173751518	0.747231549617775	0.708723297849539	0.99156962206187	0.85614774594556	0.988926198471101	0.120775880545831	0.993855826248482	0.506858612559834	0.972958491105237	0.371793955847682	0.374508823319283	0.371651068086018	0.992176895048939	0.141101664642423	0.184575266128456	0.127920268628992	0.914017289419161	0.819568478959777	0.990676573551475	0.0485461170250768	0.0832678431092377	0.991891119525613	0.377830963777952	0.990283632206902	0.424626705722655	0	0.0343287847395871	0.080124312352647	0.954454525969851	0.991926841466028	0.986389940701579
"B0607"	0.968207473029935	0.98910480817318	0.986425662641995	0.989819246981496	0.985175394727442	0.54179467028649	0.509644923912267	0.748624705293992	0.709794956062013	0.990819461313139	0.857326569979281	0.990176466385654	0.118418232478388	0.992819889976424	0.507251553904408	0.971529613488605	0.374901764663857	0.376652139744231	0.375437593770094	0.991212402657712	0.141101664642423	0.181753232835608	0.131742516253483	0.911481031649639	0.81792526970065	0.990533685789812	0.0547260127170108	0.0869472029720654	0.992391226691434	0.3772594127313	0.991676787883118	0.428699006930056	0.0343287847395871	0	0.0778381081660356	0.953311423876545	0.99156962206187	0.985961277416589
"B3804"	0.969314853182825	0.989319139815675	0.987640208616132	0.961384582410516	0.985604058012431	0.547903122097592	0.51268128884761	0.722583410730871	0.692148317496606	0.96331356719297	0.823355004643852	0.961670357933843	0.0981281703222119	0.993712938486819	0.471636779309852	0.929877830963778	0.424519539901407	0.427270129313424	0.424233764378081	0.992105451168107	0.135350432235479	0.177180824462385	0.126348503250697	0.913159962849182	0.819961420304351	0.962670572265485	0.0904479531328142	0.0650139315567622	0.992569836393513	0.35529041937558	0.963099235550475	0.450096449239123	0.080124312352647	0.0778381081660356	0	0.954383082089019	0.948596127741659	0.943059226977209
"B3807"	0.87836679288419	0.99199828534686	0.988961920411517	0.997249410587983	0.989247695934843	0.970779452739873	0.970743730799457	0.973137100807316	0.954561691791098	0.98399657069372	0.776059155533329	0.997463742230478	0.953382867757377	0.197899549903551	0.953132814174466	0.980638708294635	0.955383296420662	0.854968921911838	0.95488318925484	0.478352504108023	0.947667357290848	0.95352575551904	0.954275916267772	0.964921054511681	0.151068086018433	0.998071015217547	0.949596342073301	0.952739872829892	0.997428020290062	0.953347145816961	0.998928341787526	0.956847895977709	0.954454525969851	0.953311423876545	0.954383082089019	0	0.998749732085447	0.993248553261413
"B4004"	0.998785454025863	0.99889261984711	0.998821175966279	0.0529756376366364	0.998964063727942	0.997892405515468	0.988318925484032	0.457419447024362	0.970100735871973	0.0389011931128099	0.954740301493177	0.0385439737086519	0.943416446381367	0.999071229549189	0.512216903622205	0.586732871329571	0.992355504751018	0.993391441023076	0.990069300564407	0.999214117310852	0.913552904193756	0.939594198756876	0.959062656283489	0.998785454025863	0.998571122383368	0.0385439737086519	0.991391012359791	0.963599342716296	0.995391869686361	0.926591412445524	0.0475459026934343	0.994570265056798	0.991926841466028	0.99156962206187	0.948596127741659	0.998749732085447	0	0.841215974851754
"B4007"	0.994070157890977	0.99532042580553	0.995141816103451	0.877009359148389	0.995463313567193	0.992462670572265	0.983139244123741	0.872794170179324	0.959777095091805	0.879081231692506	0.948917625205401	0.878081017360863	0.904515253268558	0.996570693720083	0.862006144173752	0.328034578838322	0.986282774880331	0.98731871115239	0.984210902336215	0.994927484460956	0.907801671786811	0.871758233907266	0.93820104308066	0.993177109380582	0.990712295491891	0.877330856612131	0.985961277416589	0.957133671501036	0.994784596699293	0.920661570336501	0.878866900050011	0.989069086232764	0.986389940701579	0.985961277416589	0.943059226977209	0.993248553261413	0.841215974851754	0
