""	"A0107"	"A1307"	"A6608"	"A6805"	"B0108"	"B0508"	"B0706"	"B0809"	"B1504"	"B1508"	"B1604"	"B1607"	"B1904"	"B1907"	"B3004"	"B3007"	"B3604"	"B3607"	"B3704"	"B3707"	"B4105"	"B4107"	"B4304"	"B4307"	"B4404"	"B4407"	"B1404"	"B1804"	"B2404"	"B2407"	"B0408"	"B0604"	"B0605"	"B0607"	"B3804"	"B3807"	"B4004"	"B4007"
"A0107"	0	0.121740372937058	0.238301064513824	0.991748231763949	0.143102093305708	0.970065013931557	0.970600843037794	0.970672286918625	0.959205544045153	0.983603629349146	0.869757805243981	0.992141173108523	0.964563835107523	0.89529899264128	0.968100307208688	0.984353790097878	0.96867185825534	0.868293205686933	0.968743302136172	0.892119739944274	0.958241051653926	0.96731442451954	0.966707151532471	0.966349932128313	0.868186039865686	0.997070800885904	0.964099449882118	0.963385011073801	0.129420590126456	0.666178466814317	0.96977923840823	0.967528756162035	0.968314638851182	0.967671643923698	0.968957633778667	0.876723583625063	0.998714010145031	0.993855826248482
"A1307"	0.121740372937058	0	0.211152389797814	0.973065656926484	0.120382939201257	0.971672501250268	0.971958276773594	0.970029291991141	0.94577409444881	0.991283846538544	0.971958276773594	0.990390798028149	0.967457312281203	0.99710652282632	0.971029506322784	0.991641065942702	0.970315067514467	0.970279345574052	0.970529399156962	0.965028220332928	0.967528756162035	0.971708223190684	0.970922340501536	0.989569193398585	0.984711009502036	0.998606844323784	0.975280417232264	0.96663570765164	0.0492248338929771	0.675609059084089	0.963099235550475	0.969279131242409	0.971815389011931	0.974673144245195	0.973387154390226	0.991033792955633	0.998821175966279	0.994177323712224
"A6608"	0.238301064513824	0.211152389797814	0	0.94866757162249	0.099021218832607	0.775737658069586	0.970743730799457	0.798635421876116	0.757162249053369	0.988568979066943	0.773558619704222	0.990283632206902	0.964492391226691	0.994355933414303	0.964778166750018	0.989819246981496	0.963492176895049	0.959955704793884	0.961420304350932	0.76787883117811	0.963563620775881	0.969064799599914	0.968814746017004	0.985675501893263	0.980638708294635	0.997499464170894	0.971279559905694	0.960527255840537	0.249946417089376	0.672644138029578	0.962956347788812	0.966778595413303	0.969957848110309	0.971708223190684	0.97131528184611	0.987533042794885	0.998714010145031	0.994070157890977
"A6805"	0.991748231763949	0.973065656926484	0.94866757162249	0	0.94909623490748	0.952775594770308	0.969207687361577	0.412445524040866	0.925448310352218	0.0481174537400872	0.918839751375295	0.0442237622347646	0.937843823676502	0.997606629992141	0.497642351932557	0.620990212188326	0.965063942273344	0.965456883617918	0.962349074801743	0.954097306565693	0.908480388654712	0.938308208901908	0.956990783739373	0.995177538043867	0.989962134743159	0.0507965992712724	0.974494534543116	0.949489176252054	0.990140744445238	0.915053225691219	0.0390440808744731	0.972529827820247	0.970708008859041	0.9737800957348	0.944309494891763	0.996249196256341	0.0505822676287776	0.876294920340073
"B0108"	0.143102093305708	0.120382939201257	0.099021218832607	0.94909623490748	0	0.858255340430092	0.967957419447024	0.856469243409302	0.84703865113953	0.991355290419376	0.858576837893834	0.990426519968565	0.963563620775881	0.997142244766736	0.96399228406087	0.990283632206902	0.961313138529685	0.960098592555548	0.959634207330142	0.857862399085518	0.963635064656712	0.967814531685361	0.967028648996213	0.985854111595342	0.980888761877545	0.998714010145031	0.971351003786526	0.960134314495963	0.154533114238765	0.671715367578767	0.963134957490891	0.964885332571265	0.96799314138744	0.970743730799457	0.969564906765735	0.987461598914053	0.998821175966279	0.994141601771808
"B0508"	0.970065013931557	0.971672501250268	0.775737658069586	0.952775594770308	0.858255340430092	0	0.232907051511038	0.544545259698507	0.507608773308566	0.994034435950561	0.625348288919054	0.994355933414303	0.525469743516468	0.995856254911767	0.721297420875902	0.980317210830892	0.355004643852254	0.358041008787597	0.345073944416661	0.746838608273201	0.540294348789026	0.590162177609488	0.524433807244409	0.916303493605773	0.825748374651711	0.99667785954133	0.5	0.46774308780453	0.99667785954133	0.664749589197685	0.99064085161106	0.399085518325355	0.467100092877045	0.474244480960206	0.488819032649854	0.970600843037794	0.99778523969422	0.992248338929771
"B0706"	0.970600843037794	0.971958276773594	0.970743730799457	0.969207687361577	0.967957419447024	0.232907051511038	0	0.707687361577481	0.725834107308709	0.987032935629063	0.844716725012503	0.987140101450311	0.514681717510895	0.995713367150104	0.714403086375652	0.97063656497821	0.25298278202472	0.258555404729585	0.243052082589126	0.974673144245195	0.529970708008859	0.577445166821462	0.514181610345074	0.916946488533257	0.825891262413374	0.98978352504108	0.491926841466028	0.460348646138458	0.993462884903908	0.655747660212903	0.983032078302493	0.296849324855326	0.4593127098664	0.465956990783739	0.477316567835965	0.97063656497821	0.988068871901122	0.982567693077088
"B0809"	0.970672286918625	0.970029291991141	0.798635421876116	0.412445524040866	0.856469243409302	0.544545259698507	0.707687361577481	0	0.580445809816389	0.452096877902408	0.662463385011074	0.454133028506108	0.691469600628706	0.996392084018004	0.295813388583268	0.608916196327784	0.707687361577481	0.706972922769165	0.703757948131743	0.80235050367936	0.675037508037437	0.710580838751161	0.720332928484675	0.918553975851968	0.828856183467886	0.456169179109809	0.728263199256984	0.701364578123884	0.994427377295135	0.694005858398228	0.450560834464528	0.721011645352576	0.721118811173823	0.723762234764592	0.69764949632064	0.972958491105237	0.457348003143531	0.872544116596414
"B1504"	0.959205544045153	0.94577409444881	0.757162249053369	0.925448310352218	0.84703865113953	0.507608773308566	0.725834107308709	0.580445809816389	0	0.958669714938916	0.543009216260627	0.96731442451954	0.666214188754733	0.986068443237837	0.676216332071158	0.945131099521326	0.690826605701222	0.682253340001429	0.686932914195899	0.507072944202329	0.667535900550118	0.673144245195399	0.675787668786168	0.91019504179467	0.807780238622562	0.972065442594842	0.700400085732657	0.674894620275773	0.990140744445238	0.679074087304422	0.963885118239623	0.699256983639351	0.699649924983925	0.702293348574695	0.68207473029935	0.952811316710724	0.970029291991141	0.959455597628063
"B1508"	0.983603629349146	0.991283846538544	0.988568979066943	0.0481174537400872	0.991355290419376	0.994034435950561	0.987032935629063	0.452096877902408	0.958669714938916	0	0.9462027577338	0.0199328427520183	0.958419661356005	0.984139458455383	0.517968136029149	0.622026148460384	0.989211973994427	0.976244909623491	0.987675930556548	0.976494963206401	0.922340501536043	0.954811745374009	0.97488747588769	0.991891119525613	0.980317210830892	0.0221833249982139	0.983639351289562	0.972172608416089	0.995427591626777	0.928377509466314	0.0330427948846181	0.993212831320997	0.988033149960706	0.987175823390727	0.959777095091805	0.983032078302493	0.0387225834107309	0.878652568407516
"B1604"	0.869757805243981	0.971958276773594	0.773558619704222	0.918839751375295	0.858576837893834	0.625348288919054	0.844716725012503	0.662463385011074	0.543009216260627	0.9462027577338	0	0.961170250768022	0.799242694863185	0.801350289347717	0.803886547117239	0.934378795456169	0.825962706294206	0.731692505536901	0.828927627348718	0.50978781167393	0.77680931628206	0.795134671715368	0.78081017360863	0.910695148960492	0.686397085089662	0.962563406444238	0.847288704722441	0.817746659998571	0.993570050725155	0.81546045581196	0.957133671501036	0.838286775737658	0.847788811888262	0.849574908909052	0.813638636850754	0.773772951346717	0.954704579552761	0.948703293562906
"B1607"	0.992141173108523	0.990390798028149	0.990283632206902	0.0442237622347646	0.990426519968565	0.994355933414303	0.987140101450311	0.454133028506108	0.96731442451954	0.0199328427520183	0.961170250768022	0	0.955883403586483	0.997892405515468	0.519218403943702	0.622276202043295	0.988211759662785	0.989640637279417	0.987354433092806	0.99532042580553	0.925448310352218	0.954275916267772	0.972887047224405	0.995713367150104	0.994034435950561	0.0151461027363006	0.988068871901122	0.970100735871973	0.98978352504108	0.925662641994713	0.0296492105451168	0.991533900121455	0.987175823390727	0.987818818318211	0.959777095091805	0.996642137600914	0.0384010859469886	0.877795241837537
"B1904"	0.964563835107523	0.967457312281203	0.964492391226691	0.937843823676502	0.963563620775881	0.525469743516468	0.514681717510895	0.691469600628706	0.666214188754733	0.958419661356005	0.799242694863185	0.955883403586483	0	0.992748446095592	0.454525969850682	0.889690647995999	0.440165749803529	0.440808744731014	0.439129813531471	0.97267271558191	0.0862684861041652	0.105165392584125	0.0796242051868258	0.909552046867186	0.814460241480317	0.96042009001929	0.111666785739801	0.0963420733014217	0.989033364292348	0.329677788097449	0.951918268200329	0.453811531042366	0.11338143887976	0.110988068871901	0.086661427448739	0.953311423876545	0.943166392798457	0.904015146102736
"B1907"	0.89529899264128	0.99710652282632	0.994355933414303	0.997606629992141	0.997142244766736	0.995856254911767	0.995713367150104	0.996392084018004	0.986068443237837	0.984139458455383	0.801350289347717	0.997892405515468	0.992748446095592	0	0.992534114453097	0.993498606844324	0.994105879831392	0.893870115024648	0.99378438236765	0.481353147102951	0.986997213688648	0.992998499678503	0.993605772665571	0.989211973994427	0.179538472529828	0.998249624919626	0.989033364292348	0.992141173108523	0.997642351932557	0.992712724155176	0.999142673430021	0.993712938486819	0.993820104308066	0.992784168036008	0.993677216546403	0.039615631921126	0.998999785668357	0.996463527898835
"B3004"	0.968100307208688	0.971029506322784	0.964778166750018	0.497642351932557	0.96399228406087	0.721297420875902	0.714403086375652	0.295813388583268	0.676216332071158	0.517968136029149	0.803886547117239	0.519218403943702	0.454525969850682	0.992534114453097	0	0.593662927770236	0.659677073658641	0.660998785454026	0.657426591412446	0.969350575123241	0.420983067800243	0.453275701936129	0.465456883617918	0.912624133742945	0.816353504322355	0.521647495891977	0.500535829106237	0.470922340501536	0.992569836393513	0.438165321140244	0.515181824676716	0.674251625348289	0.497249410587983	0.500035721940416	0.462456240622991	0.95309709223405	0.512181181681789	0.861827534471672
"B3007"	0.984353790097878	0.991641065942702	0.989819246981496	0.620990212188326	0.990283632206902	0.980317210830892	0.97063656497821	0.608916196327784	0.945131099521326	0.622026148460384	0.934378795456169	0.622276202043295	0.889690647995999	0.993498606844324	0.593662927770236	0	0.973065656926484	0.972815603343574	0.97063656497821	0.990712295491891	0.893119954275916	0.857326569979281	0.924662427663071	0.97888833321426	0.976459241265986	0.622097592341216	0.971493891548189	0.942666285632636	0.993748660427234	0.906122740587269	0.623312138315353	0.975208973351432	0.972887047224405	0.971458169607773	0.92952061155962	0.979781381724655	0.58648281774666	0.327570193612917
"B3604"	0.96867185825534	0.970315067514467	0.963492176895049	0.965063942273344	0.961313138529685	0.355004643852254	0.25298278202472	0.707687361577481	0.690826605701222	0.989211973994427	0.825962706294206	0.988211759662785	0.440165749803529	0.994105879831392	0.659677073658641	0.973065656926484	0	0.111881117382296	0.0812674144459527	0.968850467957419	0.430699435593341	0.48356790740873	0.435879116953633	0.914660284346646	0.816889333428592	0.991105236836465	0.400371508180324	0.409159105522612	0.991926841466028	0.589126241337429	0.984246624276631	0.171536757876688	0.366935771951132	0.369972136886476	0.421626062727727	0.955347574480246	0.992248338929771	0.986175609059084
"B3607"	0.868293205686933	0.970279345574052	0.959955704793884	0.965456883617918	0.960098592555548	0.358041008787597	0.258555404729585	0.706972922769165	0.682253340001429	0.976244909623491	0.731692505536901	0.989640637279417	0.440808744731014	0.893870115024648	0.660998785454026	0.972815603343574	0.111881117382296	0	0.130992355504751	0.867435879116954	0.431521040222905	0.490676573551475	0.442594841751804	0.908551832535543	0.715939129813531	0.991212402657712	0.398013860112881	0.408551832535543	0.991926841466028	0.590305065371151	0.985746945774094	0.209830678002429	0.370043580767307	0.371829677788097	0.423662213331428	0.854968921911838	0.993319997142245	0.987175823390727
"B3704"	0.968743302136172	0.970529399156962	0.961420304350932	0.962349074801743	0.959634207330142	0.345073944416661	0.243052082589126	0.703757948131743	0.686932914195899	0.987675930556548	0.828927627348718	0.987354433092806	0.439129813531471	0.99378438236765	0.657426591412446	0.97063656497821	0.0812674144459527	0.130992355504751	0	0.966492819889976	0.436700721583196	0.489462027577338	0.441880402943488	0.913731513895835	0.81656783596485	0.990069300564407	0.401193112809888	0.407408730442238	0.992248338929771	0.587804529542045	0.983425019647067	0.135707651639637	0.368078874044438	0.371365292562692	0.420232907051511	0.95488318925484	0.989997856683575	0.984103736514968
"B3707"	0.892119739944274	0.965028220332928	0.76787883117811	0.954097306565693	0.857862399085518	0.746838608273201	0.974673144245195	0.80235050367936	0.507072944202329	0.976494963206401	0.50978781167393	0.99532042580553	0.97267271558191	0.481353147102951	0.969350575123241	0.990712295491891	0.968850467957419	0.867435879116954	0.966492819889976	0	0.96774308780453	0.974958919768522	0.975566192755591	0.986568550403658	0.472887047224405	0.998321068800457	0.973387154390226	0.969493462884904	0.998428234621705	0.97931699649925	0.992248338929771	0.972922769164821	0.975387583053511	0.976709294848896	0.976102021861827	0.477388011716796	0.999142673430021	0.993891548188898
"B4105"	0.958241051653926	0.967528756162035	0.963563620775881	0.908480388654712	0.963635064656712	0.540294348789026	0.529970708008859	0.675037508037437	0.667535900550118	0.922340501536043	0.77680931628206	0.925448310352218	0.0862684861041652	0.986997213688648	0.420983067800243	0.893119954275916	0.430699435593341	0.431521040222905	0.436700721583196	0.96774308780453	0	0.112917053654355	0.0879831392441237	0.906944345216832	0.809959276987926	0.931199542759163	0.137029363435022	0.141816103450739	0.988283203543617	0.302886332785597	0.920947345859827	0.471708223190684	0.136350646567122	0.13406444238051	0.127455883403586	0.947560191469601	0.913410016432093	0.907444452382653
"B4107"	0.96731442451954	0.971708223190684	0.969064799599914	0.938308208901908	0.967814531685361	0.590162177609488	0.577445166821462	0.710580838751161	0.673144245195399	0.954811745374009	0.795134671715368	0.954275916267772	0.105165392584125	0.992998499678503	0.453275701936129	0.857326569979281	0.48356790740873	0.490676573551475	0.489462027577338	0.974958919768522	0.112917053654355	0	0.136993641494606	0.91019504179467	0.814495963420733	0.956776452096878	0.168607558762592	0.171215260412946	0.99131956847896	0.333035650496535	0.950310780881617	0.521433164249482	0.170107880260056	0.163892262627706	0.158462527684504	0.95352575551904	0.939487032935629	0.871472458383939
"B4304"	0.966707151532471	0.970922340501536	0.968814746017004	0.956990783739373	0.967028648996213	0.524433807244409	0.514181610345074	0.720332928484675	0.675787668786168	0.97488747588769	0.78081017360863	0.972887047224405	0.0796242051868258	0.993605772665571	0.465456883617918	0.924662427663071	0.435879116953633	0.442594841751804	0.441880402943488	0.975566192755591	0.0879831392441237	0.136993641494606	0	0.904265199685647	0.814388797599486	0.968743302136172	0.124348074587412	0.114667428734729	0.99046224190898	0.349717796670715	0.968957633778667	0.457883832249768	0.119454168750447	0.120775880545831	0.113702936343502	0.95420447238694	0.958991212402658	0.93820104308066
"B4307"	0.966349932128313	0.989569193398585	0.985675501893263	0.995177538043867	0.985854111595342	0.916303493605773	0.916946488533257	0.918553975851968	0.91019504179467	0.991891119525613	0.910695148960492	0.995713367150104	0.909552046867186	0.989211973994427	0.912624133742945	0.97888833321426	0.914660284346646	0.908551832535543	0.913731513895835	0.986568550403658	0.906944345216832	0.91019504179467	0.904265199685647	0	0.911409587768808	0.985318282489105	0.905836965063942	0.909159105522612	0.997142244766736	0.91283846538544	0.997035078945488	0.905122526255626	0.912195470457955	0.909623490748017	0.911266700007144	0.964206615703365	0.998535400442952	0.99310566549975
"B4404"	0.868186039865686	0.984711009502036	0.980638708294635	0.989962134743159	0.980888761877545	0.825748374651711	0.825891262413374	0.828856183467886	0.807780238622562	0.980317210830892	0.686397085089662	0.994034435950561	0.814460241480317	0.179538472529828	0.816353504322355	0.976459241265986	0.816889333428592	0.715939129813531	0.81656783596485	0.472887047224405	0.809959276987926	0.814495963420733	0.814388797599486	0.911409587768808	0	0.995213259984282	0.81256697863828	0.814888904765307	0.995749089090519	0.815889119096949	0.991891119525613	0.817603772236908	0.816746445666929	0.81571050939487	0.817317996713582	0.149853540044295	0.998356790740873	0.990712295491891
"B4407"	0.997070800885904	0.998606844323784	0.997499464170894	0.0507965992712724	0.998714010145031	0.99667785954133	0.98978352504108	0.456169179109809	0.972065442594842	0.0221833249982139	0.962563406444238	0.0151461027363006	0.96042009001929	0.998249624919626	0.521647495891977	0.622097592341216	0.991105236836465	0.991212402657712	0.990069300564407	0.998321068800457	0.931199542759163	0.956776452096878	0.968743302136172	0.985318282489105	0.995213259984282	0	0.990355076087733	0.97531613917268	0.995213259984282	0.931878259627063	0.035793384296635	0.995641923269272	0.99046224190898	0.990176466385654	0.962456240622991	0.997856683575052	0.0381867543044938	0.877080803029221
"B1404"	0.964099449882118	0.975280417232264	0.971279559905694	0.974494534543116	0.971351003786526	0.5	0.491926841466028	0.728263199256984	0.700400085732657	0.983639351289562	0.847288704722441	0.988068871901122	0.111666785739801	0.989033364292348	0.500535829106237	0.971493891548189	0.400371508180324	0.398013860112881	0.401193112809888	0.973387154390226	0.137029363435022	0.168607558762592	0.124348074587412	0.905836965063942	0.81256697863828	0.990355076087733	0	0.0771593912981353	0.99242694863185	0.375437593770094	0.984175180395799	0.42219761377438	0.0404729584911052	0.0435807673072801	0.0794098735443309	0.949560620132886	0.99131956847896	0.98578266771451
"B1804"	0.963385011073801	0.96663570765164	0.960527255840537	0.949489176252054	0.960134314495963	0.46774308780453	0.460348646138458	0.701364578123884	0.674894620275773	0.972172608416089	0.817746659998571	0.970100735871973	0.0963420733014217	0.992141173108523	0.470922340501536	0.942666285632636	0.409159105522612	0.408551832535543	0.407408730442238	0.969493462884904	0.141816103450739	0.171215260412946	0.114667428734729	0.909159105522612	0.814888904765307	0.97531613917268	0.0771593912981353	0	0.988247481603201	0.362256197756662	0.965278273915839	0.416232049724941	0.0689433450025005	0.0726227048653283	0.0531542473387154	0.952704150889476	0.963527898835465	0.956955061798957
"B2404"	0.129420590126456	0.0492248338929771	0.249946417089376	0.990140744445238	0.154533114238765	0.99667785954133	0.993462884903908	0.994427377295135	0.990140744445238	0.995427591626777	0.993570050725155	0.98978352504108	0.989033364292348	0.997642351932557	0.992569836393513	0.993748660427234	0.991926841466028	0.991926841466028	0.992248338929771	0.998428234621705	0.988283203543617	0.99131956847896	0.99046224190898	0.997142244766736	0.995749089090519	0.995213259984282	0.99242694863185	0.988247481603201	0	0.690505108237479	0.966921483174966	0.993605772665571	0.991819675644781	0.992319782810602	0.992498392512681	0.997285132528399	0.995177538043867	0.994534543116382
"B2407"	0.666178466814317	0.675609059084089	0.672644138029578	0.915053225691219	0.671715367578767	0.664749589197685	0.655747660212903	0.694005858398228	0.679074087304422	0.928377509466314	0.81546045581196	0.925662641994713	0.329677788097449	0.992712724155176	0.438165321140244	0.906122740587269	0.589126241337429	0.590305065371151	0.587804529542045	0.97931699649925	0.302886332785597	0.333035650496535	0.349717796670715	0.91283846538544	0.815889119096949	0.931878259627063	0.375437593770094	0.362256197756662	0.690505108237479	0	0.898371079517039	0.601771808244624	0.373687218689719	0.372651282417661	0.351325283989426	0.953275701936129	0.926484246624277	0.920482960634422
"B0408"	0.96977923840823	0.963099235550475	0.962956347788812	0.0390440808744731	0.963134957490891	0.99064085161106	0.983032078302493	0.450560834464528	0.963885118239623	0.0330427948846181	0.957133671501036	0.0296492105451168	0.951918268200329	0.999142673430021	0.515181824676716	0.623312138315353	0.984246624276631	0.985746945774094	0.983425019647067	0.992248338929771	0.920947345859827	0.950310780881617	0.968957633778667	0.997035078945488	0.991891119525613	0.035793384296635	0.984175180395799	0.965278273915839	0.966921483174966	0.898371079517039	0	0.987604486675716	0.983174966064157	0.983853682932057	0.955811959705651	0.998035293277131	0.038329642066157	0.878545402586268
"B0604"	0.967528756162035	0.969279131242409	0.966778595413303	0.972529827820247	0.964885332571265	0.399085518325355	0.296849324855326	0.721011645352576	0.699256983639351	0.993212831320997	0.838286775737658	0.991533900121455	0.453811531042366	0.993712938486819	0.674251625348289	0.975208973351432	0.171536757876688	0.209830678002429	0.135707651639637	0.972922769164821	0.471708223190684	0.521433164249482	0.457883832249768	0.905122526255626	0.817603772236908	0.995641923269272	0.42219761377438	0.416232049724941	0.993605772665571	0.601771808244624	0.987604486675716	0	0.39862113309995	0.402336214903194	0.432128313209974	0.956812174037294	0.99421304565264	0.98867614488819
"B0605"	0.968314638851182	0.971815389011931	0.969957848110309	0.970708008859041	0.96799314138744	0.467100092877045	0.4593127098664	0.721118811173823	0.699649924983925	0.988033149960706	0.847788811888262	0.987175823390727	0.11338143887976	0.993820104308066	0.497249410587983	0.972887047224405	0.366935771951132	0.370043580767307	0.368078874044438	0.975387583053511	0.136350646567122	0.170107880260056	0.119454168750447	0.912195470457955	0.816746445666929	0.99046224190898	0.0404729584911052	0.0689433450025005	0.991819675644781	0.373687218689719	0.983174966064157	0.39862113309995	0	0.0197899549903551	0.0657998142459098	0.954383082089019	0.991891119525613	0.9862113309995
"B0607"	0.967671643923698	0.974673144245195	0.971708223190684	0.9737800957348	0.970743730799457	0.474244480960206	0.465956990783739	0.723762234764592	0.702293348574695	0.987175823390727	0.849574908909052	0.987818818318211	0.110988068871901	0.992784168036008	0.500035721940416	0.971458169607773	0.369972136886476	0.371829677788097	0.371365292562692	0.976709294848896	0.13406444238051	0.163892262627706	0.120775880545831	0.909623490748017	0.81571050939487	0.990176466385654	0.0435807673072801	0.0726227048653283	0.992319782810602	0.372651282417661	0.983853682932057	0.402336214903194	0.0197899549903551	0	0.0645138243909409	0.953311423876545	0.991533900121455	0.985818389654926
"B3804"	0.968957633778667	0.973387154390226	0.97131528184611	0.944309494891763	0.969564906765735	0.488819032649854	0.477316567835965	0.69764949632064	0.68207473029935	0.959777095091805	0.813638636850754	0.959777095091805	0.086661427448739	0.993677216546403	0.462456240622991	0.92952061155962	0.421626062727727	0.423662213331428	0.420232907051511	0.976102021861827	0.127455883403586	0.158462527684504	0.113702936343502	0.911266700007144	0.817317996713582	0.962456240622991	0.0794098735443309	0.0531542473387154	0.992498392512681	0.351325283989426	0.955811959705651	0.432128313209974	0.0657998142459098	0.0645138243909409	0	0.954275916267772	0.948524683860827	0.942952061155962
"B3807"	0.876723583625063	0.991033792955633	0.987533042794885	0.996249196256341	0.987461598914053	0.970600843037794	0.97063656497821	0.972958491105237	0.952811316710724	0.983032078302493	0.773772951346717	0.996642137600914	0.953311423876545	0.039615631921126	0.95309709223405	0.979781381724655	0.955347574480246	0.854968921911838	0.95488318925484	0.477388011716796	0.947560191469601	0.95352575551904	0.95420447238694	0.964206615703365	0.149853540044295	0.997856683575052	0.949560620132886	0.952704150889476	0.997285132528399	0.953275701936129	0.998035293277131	0.956812174037294	0.954383082089019	0.953311423876545	0.954275916267772	0	0.998678288204615	0.993069943559334
"B4004"	0.998714010145031	0.998821175966279	0.998714010145031	0.0505822676287776	0.998821175966279	0.99778523969422	0.988068871901122	0.457348003143531	0.970029291991141	0.0387225834107309	0.954704579552761	0.0384010859469886	0.943166392798457	0.998999785668357	0.512181181681789	0.58648281774666	0.992248338929771	0.993319997142245	0.989997856683575	0.999142673430021	0.913410016432093	0.939487032935629	0.958991212402658	0.998535400442952	0.998356790740873	0.0381867543044938	0.99131956847896	0.963527898835465	0.995177538043867	0.926484246624277	0.038329642066157	0.99421304565264	0.991891119525613	0.991533900121455	0.948524683860827	0.998678288204615	0	0.840572979924269
"B4007"	0.993855826248482	0.994177323712224	0.994070157890977	0.876294920340073	0.994141601771808	0.992248338929771	0.982567693077088	0.872544116596414	0.959455597628063	0.878652568407516	0.948703293562906	0.877795241837537	0.904015146102736	0.996463527898835	0.861827534471672	0.327570193612917	0.986175609059084	0.987175823390727	0.984103736514968	0.993891548188898	0.907444452382653	0.871472458383939	0.93820104308066	0.99310566549975	0.990712295491891	0.877080803029221	0.98578266771451	0.956955061798957	0.994534543116382	0.920482960634422	0.878545402586268	0.98867614488819	0.9862113309995	0.985818389654926	0.942952061155962	0.993069943559334	0.840572979924269	0
