""	"B1442"	"B1834"	"B1841"	"B2428"	"B0430"	"B0431"	"B0436"	"B0622"	"B3828"	"B4028"
"B1442"	0	0.293277130813746	0.83324998213903	0.942309066228478	0.979531328141745	0.96910052154033	0.366435664785311	0.986282774880331	0.119668500392941	0.498249624919626
"B1834"	0.293277130813746	0	0.567192969922126	0.70386511395299	0.740408658998357	0.730942344788169	0.124919625634064	0.983639351289562	0.312959919982853	0.401728941916125
"B1841"	0.83324998213903	0.567192969922126	0	0.188076016289205	0.637422304779596	0.60495106094163	0.597592341215975	0.99353432878474	0.803672215474745	0.728370365078231
"B2428"	0.942309066228478	0.70386511395299	0.188076016289205	0	0.646924340930199	0.607130099306994	0.693541473172823	0.998749732085447	0.931020933057084	0.850789454883189
"B0430"	0.979531328141745	0.740408658998357	0.637422304779596	0.646924340930199	0	0.100092877045081	0.731621061656069	0.983710795170394	0.983675073229978	0.906372794170179
"B0431"	0.96910052154033	0.730942344788169	0.60495106094163	0.607130099306994	0.100092877045081	0	0.719082660570122	0.998035293277131	0.957598056726441	0.876866471386726
"B0436"	0.366435664785311	0.124919625634064	0.597592341215975	0.693541473172823	0.731621061656069	0.719082660570122	0	0.978674001571765	0.361434593127099	0.403014931771094
"B0622"	0.986282774880331	0.983639351289562	0.99353432878474	0.998749732085447	0.983710795170394	0.998035293277131	0.978674001571765	0	0.99421304565264	0.998678288204615
"B3828"	0.119668500392941	0.312959919982853	0.803672215474745	0.931020933057084	0.983675073229978	0.957598056726441	0.361434593127099	0.99421304565264	0	0.380795884832464
"B4028"	0.498249624919626	0.401728941916125	0.728370365078231	0.850789454883189	0.906372794170179	0.876866471386726	0.403014931771094	0.998678288204615	0.380795884832464	0
