""	"A0113"	"A1314"	"A6613"	"A6812"	"B0114"	"B0514"	"B0714"	"B0815"	"B1515"	"B1615"	"B1910"	"B1914"	"B3010"	"B3014"	"B3610"	"B3614"	"B3710"	"B3714"	"B4113"	"B4314"	"B4414"	"B1415"	"B1421"	"B1807"	"B2410"	"B2414"	"B0410"	"B0610"	"B0614"	"B3810"	"B3813"	"B3815"	"B4014"
"A0113"	0	0.928913338572551	0.871793955847682	0.963242123312138	0.70632992784168	0.178145316853611	0.93862970636565	0.957562334786026	0.950346502822033	0.940987354433093	0.966099878545403	0.965635493319997	0.931235264699579	0.951846824319497	0.985318282489105	0.973637207973137	0.788240337215118	0.784025148246053	0.943380724440952	0.698899764235193	0.859255554761735	0.824962491962563	0.959848538972637	0.965421161677502	0.921447453025648	0.938093877259413	0.962027577338001	0.490462241908981	0.702507680217189	0.947238694005858	0.996142030435093	0.939344145173966	0.929234836036294
"A1314"	0.928913338572551	0	0.718189612059727	0.521004500964492	0.987140101450311	0.992176895048939	0.376723583625063	0.523147817389441	0.503786525684075	0.50553690076445	0.763663642209045	0.528363220690148	0.391619632778453	0.49489176252054	0.988997642351933	0.977709509180539	0.993891548188898	0.520361506037008	0.987675930556548	0.522540544402372	0.516896477816675	0.994070157890977	0.52357648067443	0.522647710223619	0.472779881403158	0.440987354433093	0.52000428663285	0.940451525326856	0.993891548188898	0.996142030435093	0.998499678502536	0.215153247124384	0.285275416160606
"A6613"	0.871793955847682	0.718189612059727	0	0.712867042937772	0.535614774594556	0.911552475530471	0.738408230335072	0.741194541687504	0.660713009930699	0.531542473387154	0.763270700864471	0.75033935843395	0.733371436736444	0.765878402514825	0.635350432235479	0.350575123240694	0.915624776737872	0.741766092734157	0.950382224762449	0.66828606129885	0.743230692291205	0.91598199614203	0.744052296920769	0.742266199899979	0.712152604129456	0.936629277702365	0.713367150103594	0.92330499392727	0.917732371222405	0.994570265056798	0.997678073872973	0.739086947202972	0.762842037579481
"A6812"	0.963242123312138	0.521004500964492	0.712867042937772	0	0.96220618704008	0.996713581481746	0.150710866614274	0.037972422661999	0.258805458312496	0.234907480174323	0.763699364149461	0.0382939201257412	0.907765949846396	0.948203186397085	0.962849181967565	0.962849181967565	0.998999785668357	0.235836250625134	0.99242694863185	0.405801243123526	0.132385511180967	0.998785454025863	0.0380081446024148	0.0298992641280274	0.0691576766449954	0.946452811316711	0.00396513538615418	0.948739015503322	0.998678288204615	0.997642351932557	0.999249839251268	0.400693005644067	0.78056012002572
"B0114"	0.70632992784168	0.987140101450311	0.535614774594556	0.96220618704008	0	0.801457455168965	0.996999357005072	0.989426305636922	0.957812388368936	0.814388797599486	0.961384582410516	0.997213688647567	0.984711009502036	0.916910766592841	0.391119525612631	0.512502679145531	0.770093591483889	0.989640637279417	0.927555904836751	0.899335571908266	0.993855826248482	0.847217260841609	0.992462670572265	0.99021218832607	0.968314638851182	0.993748660427234	0.960848753304279	0.974708866185611	0.672001143102093	0.957169393441452	0.96042009001929	0.997820961634636	0.969064799599914
"B0514"	0.178145316853611	0.992176895048939	0.911552475530471	0.996713581481746	0.801457455168965	0	0.996142030435093	0.989033364292348	0.988318925484032	0.978924055154676	0.997035078945488	0.996713581481746	0.993069943559334	0.997070800885904	0.986675716224905	0.979138386797171	0.788454668857612	0.7834535971994	0.954311638208187	0.697042223333571	0.896334928913339	0.825891262413374	0.990855183253554	0.997963849396299	0.977066514253054	0.997249410587983	0.994641708937629	0.527077230835179	0.795277559477031	0.948596127741659	0.995784811030935	0.996999357005072	0.990355076087733
"B0714"	0.93862970636565	0.376723583625063	0.738408230335072	0.150710866614274	0.996999357005072	0.996142030435093	0	0.150639422733443	0.288847610202186	0.269557762377652	0.763770808030292	0.152139744230907	0.758626848610417	0.860934485961277	0.997678073872973	0.997678073872973	0.997749517753804	0.238836893620061	0.991498178181039	0.404693862970637	0.143673644352361	0.99778523969422	0.150960920197185	0.152354075873401	0.106379938558262	0.802064728156033	0.151032364078017	0.947060084303779	0.997570908051725	0.997249410587983	0.998463956562121	0.250875187540187	0.652997070800886
"B0815"	0.957562334786026	0.523147817389441	0.741194541687504	0.037972422661999	0.989426305636922	0.989033364292348	0.150639422733443	0	0.287954561691791	0.263092091162392	0.763770808030292	0.00964492391226691	0.90908766164178	0.984996785025363	0.995499035507609	0.990355076087733	0.99021218832607	0.237443737943845	0.984103736514968	0.397549474887476	0.129706365649782	0.990390798028149	0.00432235479031221	0.00989497749517754	0.0739086947202972	0.952025434021576	0.0355076087733086	0.943380724440952	0.990176466385654	0.997428020290062	0.998821175966279	0.400907337286561	0.799814245909838
"B1515"	0.950346502822033	0.503786525684075	0.660713009930699	0.258805458312496	0.957812388368936	0.988318925484032	0.288847610202186	0.287954561691791	0	0.167821676073444	0.763663642209045	0.29324140887333	0.857862399085518	0.794455954847467	0.9586339929985	0.912266914338787	0.989819246981496	0.280988783310709	0.986604272344074	0.396584982496249	0.284239479888548	0.990283632206902	0.288383224976781	0.284882474816032	0.268914767450168	0.944630992355505	0.257519468457527	0.937915267557334	0.990069300564407	0.99242694863185	0.997856683575052	0.39819246981496	0.7703436450668
"B1615"	0.940987354433093	0.50553690076445	0.531542473387154	0.234907480174323	0.814388797599486	0.978924055154676	0.269557762377652	0.263092091162392	0.167821676073444	0	0.763485032506966	0.272201185968422	0.875616203472173	0.816603557905265	0.83214260198614	0.784632421233121	0.978245338286776	0.263663642209045	0.974315924841037	0.387475887690219	0.266735729084804	0.980781596056298	0.266807172965635	0.263985139672787	0.243980853039937	0.946167035793384	0.235407587340144	0.929806387082946	0.980388654711724	0.995606201328856	0.997999571336715	0.39972851325284	0.772737015074659
"B1910"	0.966099878545403	0.763663642209045	0.763270700864471	0.763699364149461	0.961384582410516	0.997035078945488	0.763770808030292	0.763770808030292	0.763663642209045	0.763485032506966	0	0.762091876830749	0.898156747874545	0.985639779952847	0.576302064728156	0.92398371079517	0.337107951703937	0.763627920268629	0.959062656283489	0.750375080374366	0.763663642209045	0.236229191969708	0.762913481460313	0.763592198328213	0.760948774737444	0.952811316710724	0.76277059369865	0.951525326855755	0.999535614774595	0.235693362863471	0.236229191969708	0.763735086089876	0.805065371150961
"B1914"	0.965635493319997	0.528363220690148	0.75033935843395	0.0382939201257412	0.997213688647567	0.996713581481746	0.152139744230907	0.00964492391226691	0.29324140887333	0.272201185968422	0.762091876830749	0	0.90798028148889	0.985246838608273	0.99778523969422	0.997820961634636	0.997856683575052	0.240622990640852	0.991498178181039	0.405301135957705	0.133742944916768	0.997856683575052	0.00657283703650782	0.00875187540187183	0.0816246338501107	0.95241837536615	0.0371150960920197	0.951025219689934	0.999142673430021	0.997356576409231	0.997856683575052	0.401978995499035	0.804493820104308
"B3010"	0.931235264699579	0.391619632778453	0.733371436736444	0.907765949846396	0.984711009502036	0.993069943559334	0.758626848610417	0.90908766164178	0.857862399085518	0.875616203472173	0.898156747874545	0.90798028148889	0	0.20786597127956	0.983782239051225	0.821461741801815	0.98442523397871	0.90594413088519	0.979424162320497	0.894120168607559	0.901336000571551	0.984353790097878	0.908551832535543	0.909194827463028	0.85929127670215	0.245695506179896	0.908051725369722	0.942666285632636	0.996070586554262	0.983282131885404	0.986389940701579	0.547117239408445	0.174215903407873
"B3014"	0.951846824319497	0.49489176252054	0.765878402514825	0.948203186397085	0.916910766592841	0.997070800885904	0.860934485961277	0.984996785025363	0.794455954847467	0.816603557905265	0.985639779952847	0.985246838608273	0.20786597127956	0	0.91819675644781	0.786275630492248	0.997249410587983	0.979781381724655	0.99267700221476	0.98356790740873	0.976887904550975	0.999178395370437	0.985211116667857	0.976959348431807	0.9455240408659	0.320997356576409	0.950989497749518	0.977852396942202	0.998785454025863	0.997642351932557	0.999178395370437	0.70540115739087	0.300385796956491
"B3610"	0.985318282489105	0.988997642351933	0.635350432235479	0.962849181967565	0.391119525612631	0.986675716224905	0.997678073872973	0.995499035507609	0.9586339929985	0.83214260198614	0.576302064728156	0.99778523969422	0.983782239051225	0.91819675644781	0	0.48910480817318	0.565156819318425	0.988604701007359	0.959241265985568	0.975923412159749	0.994355933414303	0.565049653497178	0.994641708937629	0.990819461313139	0.973851539615632	0.994534543116382	0.961563192112596	0.984568121740373	0.988533257126527	0.566514253054226	0.574194470243624	0.998606844323784	0.97020790169322
"B3614"	0.973637207973137	0.977709509180539	0.350575123240694	0.962849181967565	0.512502679145531	0.979138386797171	0.997678073872973	0.990355076087733	0.912266914338787	0.784632421233121	0.92398371079517	0.997820961634636	0.821461741801815	0.786275630492248	0.48910480817318	0	0.905122526255626	0.990176466385654	0.946917196542116	0.967528756162035	0.994856040580124	0.90508680431521	0.993069943559334	0.990855183253554	0.969064799599914	0.994498821175966	0.96152747017218	0.976280631563907	0.980745874115882	0.919411302421948	0.922304779595628	0.998571122383368	0.967671643923698
"B3710"	0.788240337215118	0.993891548188898	0.915624776737872	0.998999785668357	0.770093591483889	0.788454668857612	0.997749517753804	0.99021218832607	0.989819246981496	0.978245338286776	0.337107951703937	0.997856683575052	0.98442523397871	0.997249410587983	0.565156819318425	0.905122526255626	0	0.990819461313139	0.926841466028435	0.892369793527184	0.992355504751018	0.204258055297564	0.992962777738087	0.999535614774595	0.977423733657212	0.999106951489605	0.996213474315925	0.959241265985568	0.800528684718154	0.315138958348217	0.334535971993999	0.998463956562121	0.992141173108523
"B3714"	0.784025148246053	0.520361506037008	0.741766092734157	0.235836250625134	0.989640637279417	0.7834535971994	0.238836893620061	0.237443737943845	0.280988783310709	0.263663642209045	0.763627920268629	0.240622990640852	0.90594413088519	0.979781381724655	0.988604701007359	0.990176466385654	0.990819461313139	0	0.988568979066943	0.170572265485461	0.120025719797099	0.986461384582411	0.23765806958634	0.236514967493034	0.229906408516111	0.947631635350432	0.233942987783096	0.868757590912338	0.992141173108523	0.988176037722369	0.997749517753804	0.40083589340573	0.79545616917911
"B4113"	0.943380724440952	0.987675930556548	0.950382224762449	0.99242694863185	0.927555904836751	0.954311638208187	0.991498178181039	0.984103736514968	0.986604272344074	0.974315924841037	0.959062656283489	0.991498178181039	0.979424162320497	0.99267700221476	0.959241265985568	0.946917196542116	0.926841466028435	0.988568979066943	0	0.942273344288062	0.988819032649853	0.924448096020576	0.985854111595342	0.993141387440166	0.974244480960206	0.992605558333929	0.98978352504108	0.965921268843324	0.959598485389726	0.9593127098664	0.962777738086733	0.992176895048939	0.986318496820747
"B4314"	0.698899764235193	0.522540544402372	0.66828606129885	0.405801243123526	0.899335571908266	0.697042223333571	0.404693862970637	0.397549474887476	0.396584982496249	0.387475887690219	0.750375080374366	0.405301135957705	0.894120168607559	0.98356790740873	0.975923412159749	0.967528756162035	0.892369793527184	0.170572265485461	0.942273344288062	0	0.280381510323641	0.888118882617704	0.400300064299493	0.406980067157248	0.385582624848182	0.951489604915339	0.403622204758162	0.849789240551547	0.907230120740159	0.971815389011931	0.984389512038294	0.405408301778953	0.797313710080732
"B4414"	0.859255554761735	0.516896477816675	0.743230692291205	0.132385511180967	0.993855826248482	0.896334928913339	0.143673644352361	0.129706365649782	0.284239479888548	0.266735729084804	0.763663642209045	0.133742944916768	0.901336000571551	0.976887904550975	0.994355933414303	0.994856040580124	0.992355504751018	0.120025719797099	0.988819032649853	0.280381510323641	0	0.988068871901122	0.130099306994356	0.133885832678431	0.121776094877474	0.944916767878831	0.13117096520683	0.868471815389012	0.993748660427234	0.991069514896049	0.998678288204615	0.393977280845896	0.793027077230835
"B1415"	0.824962491962563	0.994070157890977	0.91598199614203	0.998785454025863	0.847217260841609	0.825891262413374	0.99778523969422	0.990390798028149	0.990283632206902	0.980781596056298	0.236229191969708	0.997856683575052	0.984353790097878	0.999178395370437	0.565049653497178	0.90508680431521	0.204258055297564	0.986461384582411	0.924448096020576	0.888118882617704	0.988068871901122	0	0.992248338929771	0.999464170893763	0.976923626491391	0.999071229549189	0.996177752375509	0.915803386439951	0.875973422876331	0.133457169393441	0.180395799099807	0.998606844323784	0.992176895048939
"B1421"	0.959848538972637	0.52357648067443	0.744052296920769	0.0380081446024148	0.992462670572265	0.990855183253554	0.150960920197185	0.00432235479031221	0.288383224976781	0.266807172965635	0.762913481460313	0.00657283703650782	0.908551832535543	0.985211116667857	0.994641708937629	0.993069943559334	0.992962777738087	0.23765806958634	0.985854111595342	0.400300064299493	0.130099306994356	0.992248338929771	0	0.00885904122311924	0.0768021718939773	0.952096877902408	0.0348646138458241	0.9455240408659	0.993319997142245	0.996392084018004	0.997928127455883	0.40108594698864	0.799849967850254
"B1807"	0.965421161677502	0.522647710223619	0.742266199899979	0.0298992641280274	0.99021218832607	0.997963849396299	0.152354075873401	0.00989497749517754	0.284882474816032	0.263985139672787	0.763592198328213	0.00875187540187183	0.909194827463028	0.976959348431807	0.990819461313139	0.990855183253554	0.999535614774595	0.236514967493034	0.993141387440166	0.406980067157248	0.133885832678431	0.999464170893763	0.00885904122311924	0	0.0747660212902765	0.94798885475459	0.0296849324855326	0.950810888047439	0.9993212831321	0.998285346860041	0.999535614774595	0.40219332714153	0.796492105451168
"B2410"	0.921447453025648	0.472779881403158	0.712152604129456	0.0691576766449954	0.968314638851182	0.977066514253054	0.106379938558262	0.0739086947202972	0.268914767450168	0.243980853039937	0.760948774737444	0.0816246338501107	0.85929127670215	0.9455240408659	0.973851539615632	0.969064799599914	0.977423733657212	0.229906408516111	0.974244480960206	0.385582624848182	0.121776094877474	0.976923626491391	0.0768021718939773	0.0747660212902765	0	0.903157819532757	0.0671215260412946	0.92219761377438	0.976494963206401	0.983710795170394	0.994391655354719	0.356790740873044	0.740837322283346
"B2414"	0.938093877259413	0.440987354433093	0.936629277702365	0.946452811316711	0.993748660427234	0.997249410587983	0.802064728156033	0.952025434021576	0.944630992355505	0.946167035793384	0.952811316710724	0.95241837536615	0.245695506179896	0.320997356576409	0.994534543116382	0.994498821175966	0.999106951489605	0.947631635350432	0.992605558333929	0.951489604915339	0.944916767878831	0.999071229549189	0.952096877902408	0.94798885475459	0.903157819532757	0	0.947631635350432	0.946238479674216	0.99889261984711	0.997892405515468	0.999392727012931	0.614345931270987	0.225798385368293
"B0410"	0.962027577338001	0.52000428663285	0.713367150103594	0.00396513538615418	0.960848753304279	0.994641708937629	0.151032364078017	0.0355076087733086	0.257519468457527	0.235407587340144	0.76277059369865	0.0371150960920197	0.908051725369722	0.950989497749518	0.961563192112596	0.96152747017218	0.996213474315925	0.233942987783096	0.98978352504108	0.403622204758162	0.13117096520683	0.996177752375509	0.0348646138458241	0.0296849324855326	0.0671215260412946	0.947631635350432	0	0.947417303707937	0.996927913124241	0.996070586554262	0.998142459098378	0.401371722511967	0.779274130170751
"B0610"	0.490462241908981	0.940451525326856	0.92330499392727	0.948739015503322	0.974708866185611	0.527077230835179	0.947060084303779	0.943380724440952	0.937915267557334	0.929806387082946	0.951525326855755	0.951025219689934	0.942666285632636	0.977852396942202	0.984568121740373	0.976280631563907	0.959241265985568	0.868757590912338	0.965921268843324	0.849789240551547	0.868471815389012	0.915803386439951	0.9455240408659	0.950810888047439	0.92219761377438	0.946238479674216	0.947417303707937	0	0.963920840180039	0.905765521183111	0.995427591626777	0.947774523112095	0.938486818603987
"B0614"	0.702507680217189	0.993891548188898	0.917732371222405	0.998678288204615	0.672001143102093	0.795277559477031	0.997570908051725	0.990176466385654	0.990069300564407	0.980388654711724	0.999535614774595	0.999142673430021	0.996070586554262	0.998785454025863	0.988533257126527	0.980745874115882	0.800528684718154	0.992141173108523	0.959598485389726	0.907230120740159	0.993748660427234	0.875973422876331	0.993319997142245	0.9993212831321	0.976494963206401	0.99889261984711	0.996927913124241	0.963920840180039	0	0.981424590983782	0.996999357005072	0.998356790740873	0.992176895048939
"B3810"	0.947238694005858	0.996142030435093	0.994570265056798	0.997642351932557	0.957169393441452	0.948596127741659	0.997249410587983	0.997428020290062	0.99242694863185	0.995606201328856	0.235693362863471	0.997356576409231	0.983282131885404	0.997642351932557	0.566514253054226	0.919411302421948	0.315138958348217	0.988176037722369	0.9593127098664	0.971815389011931	0.991069514896049	0.133457169393441	0.996392084018004	0.998285346860041	0.983710795170394	0.997892405515468	0.996070586554262	0.905765521183111	0.981424590983782	0	0.0905551189540616	0.998035293277131	0.994177323712224
"B3813"	0.996142030435093	0.998499678502536	0.997678073872973	0.999249839251268	0.96042009001929	0.995784811030935	0.998463956562121	0.998821175966279	0.997856683575052	0.997999571336715	0.236229191969708	0.997856683575052	0.986389940701579	0.999178395370437	0.574194470243624	0.922304779595628	0.334535971993999	0.997749517753804	0.962777738086733	0.984389512038294	0.998678288204615	0.180395799099807	0.997928127455883	0.999535614774595	0.994391655354719	0.999392727012931	0.998142459098378	0.995427591626777	0.996999357005072	0.0905551189540616	0	0.998821175966279	0.997606629992141
"B3815"	0.939344145173966	0.215153247124384	0.739086947202972	0.400693005644067	0.997820961634636	0.996999357005072	0.250875187540187	0.400907337286561	0.39819246981496	0.39972851325284	0.763735086089876	0.401978995499035	0.547117239408445	0.70540115739087	0.998606844323784	0.998571122383368	0.998463956562121	0.40083589340573	0.992176895048939	0.405408301778953	0.393977280845896	0.998606844323784	0.40108594698864	0.40219332714153	0.356790740873044	0.614345931270987	0.401371722511967	0.947774523112095	0.998356790740873	0.998035293277131	0.998821175966279	0	0.415767664499536
"B4014"	0.929234836036294	0.285275416160606	0.762842037579481	0.78056012002572	0.969064799599914	0.990355076087733	0.652997070800886	0.799814245909838	0.7703436450668	0.772737015074659	0.805065371150961	0.804493820104308	0.174215903407873	0.300385796956491	0.97020790169322	0.967671643923698	0.992141173108523	0.79545616917911	0.986318496820747	0.797313710080732	0.793027077230835	0.992176895048939	0.799849967850254	0.796492105451168	0.740837322283346	0.225798385368293	0.779274130170751	0.938486818603987	0.992176895048939	0.994177323712224	0.997606629992141	0.415767664499536	0
