""	"A0113"	"A1314"	"A6613"	"A6812"	"B0114"	"B0514"	"B0714"	"B0815"	"B1515"	"B1615"	"B1910"	"B1914"	"B3010"	"B3014"	"B3610"	"B3614"	"B3710"	"B3714"	"B4113"	"B4314"	"B4414"	"B1415"	"B1421"	"B1807"	"B2410"	"B2414"	"B0410"	"B0610"	"B0614"	"B3810"	"B3813"	"B3815"	"B4014"
"A0113"	0	0.930556547831678	0.951596770736586	0.965349717796671	0.982174751732514	0.188433235693363	0.939165535471887	0.957955276130599	0.954597413731514	0.948024576695006	0.96620704436665	0.966278488247482	0.93198542544831	0.953882974923198	0.985389726369936	0.973994427377295	0.790133600057155	0.959705651210974	0.952132599842824	0.874294491676788	0.957348003143531	0.827212974208759	0.960277202257627	0.965742659141245	0.923483603629349	0.939487032935629	0.963563620775881	0.557297992426949	0.715224691005215	0.948238908337501	0.996213474315925	0.93973708651854	0.931235264699579
"A1314"	0.930556547831678	0	0.721583196399228	0.527184396656426	0.987282989211974	0.995606201328856	0.378259627062942	0.5282560548689	0.51157390869472	0.511538186754305	0.77255840537258	0.528613274273058	0.394013002786311	0.499035507608773	0.992962777738087	0.982782024719583	0.998499678502536	0.523612202614846	0.992998499678503	0.527577338001	0.521433164249482	0.998321068800457	0.52868471815389	0.522754876044867	0.473458598271058	0.44731013788669	0.52868471815389	0.942487675930557	0.998999785668357	0.997428020290062	0.999499892834179	0.217725226834322	0.299635636207759
"A6613"	0.951596770736586	0.721583196399228	0	0.74123026362792	0.536436379224119	0.992462670572265	0.743373580052868	0.749053368578981	0.682217618061013	0.657855254697435	0.784489533471458	0.750589412016861	0.744945345431164	0.84993212831321	0.642601986139887	0.371758233907266	0.994034435950561	0.744373794384511	0.985711223833679	0.747945988426091	0.748946202757734	0.995463313567193	0.748517539472744	0.742409087661642	0.723940844466671	0.941558905479746	0.741265985568336	0.941058798313924	0.996785025362578	0.995463313567193	0.997928127455883	0.741980424376652	0.79902836322069
"A6812"	0.965349717796671	0.527184396656426	0.74123026362792	0	0.96263485032507	0.997142244766736	0.151032364078017	0.0487604486675716	0.27077230835179	0.236729299135529	0.763699364149461	0.0384010859469886	0.908051725369722	0.949274844609559	0.994856040580124	0.996320640137172	0.999142673430021	0.240194327355862	0.992534114453097	0.406587125812674	0.134457383725084	0.998999785668357	0.0380795884832464	0.0382224762449096	0.0884475244695292	0.946667142959206	0.0145031078088162	0.94952489819247	0.998964063727942	0.998321068800457	0.9993212831321	0.400871615346146	0.780774451668215
"B0114"	0.982174751732514	0.987282989211974	0.536436379224119	0.96263485032507	0	0.986175609059084	0.99710652282632	0.991498178181039	0.959669929270558	0.821033078516825	0.962170465099664	0.997285132528399	0.984889619204115	0.917589483460742	0.575730513681503	0.578552546974352	0.957669500607273	0.990533685789812	0.957383725083947	0.97710223619347	0.994963206401372	0.951811102379081	0.99267700221476	0.990247910266486	0.969064799599914	0.993855826248482	0.961884689576338	0.985854111595342	0.990426519968565	0.957919554190184	0.960634421661785	0.997999571336715	0.969814960348646
"B0514"	0.188433235693363	0.995606201328856	0.992462670572265	0.997142244766736	0.986175609059084	0	0.996177752375509	0.989283417875259	0.991891119525613	0.98510395084661	0.997177966707152	0.997035078945488	0.993319997142245	0.997392298349646	0.986747160105737	0.979424162320497	0.799099807101522	0.99242694863185	0.958419661356005	0.906015574766021	0.994070157890977	0.828999071229549	0.991498178181039	0.998142459098378	0.980710152175466	0.997499464170894	0.995034650282203	0.566942916339216	0.810459384153747	0.950025005358291	0.996106308494677	0.99710652282632	0.990819461313139
"B0714"	0.939165535471887	0.378259627062942	0.743373580052868	0.151032364078017	0.99710652282632	0.996177752375509	0	0.150710866614274	0.302993498606844	0.291919697077945	0.763806529970708	0.152211188111738	0.758841180252911	0.861148817603772	0.99778523969422	0.997820961634636	0.997749517753804	0.260091448167464	0.991605344002286	0.404729584911052	0.153211402443381	0.99778523969422	0.150996642137601	0.152389797813817	0.106594270200757	0.802171893977281	0.151068086018433	0.948096020575838	0.997642351932557	0.998178181038794	0.998535400442952	0.251053797242266	0.653175680502965
"B0815"	0.957955276130599	0.5282560548689	0.749053368578981	0.0487604486675716	0.991498178181039	0.989283417875259	0.150710866614274	0	0.289347717368007	0.268914767450168	0.763806529970708	0.0226834321640351	0.909266271343859	0.985425448310352	0.995927698792598	0.990426519968565	0.990355076087733	0.243552189754947	0.984175180395799	0.39794241623205	0.142137600914482	0.990569407730228	0.0270415088947632	0.0323997999571337	0.0938772594127313	0.952132599842824	0.0565478316782168	0.952311209544902	0.990283632206902	0.998678288204615	0.99889261984711	0.401014503107809	0.80013574337358
"B1515"	0.954597413731514	0.51157390869472	0.682217618061013	0.27077230835179	0.959669929270558	0.991891119525613	0.302993498606844	0.289347717368007	0	0.18386082732014	0.763663642209045	0.293420018575409	0.862041866114167	0.825998428234622	0.978459669929271	0.935271843966564	0.992391226691434	0.282239051225263	0.988354647424448	0.398764020861613	0.287061513181396	0.993248553261413	0.289740658712581	0.285096806458527	0.274094448810459	0.947345859827106	0.268378938343931	0.947202972065443	0.993034221618918	0.995534757448025	0.998071015217547	0.400907337286561	0.775201828963349
"B1615"	0.948024576695006	0.511538186754305	0.657855254697435	0.236729299135529	0.821033078516825	0.98510395084661	0.291919697077945	0.268914767450168	0.18386082732014	0	0.763556476387797	0.273308566121312	0.87750946631421	0.839751375294706	0.948739015503322	0.909301993284275	0.98399657069372	0.265271129527756	0.980317210830892	0.394120168607559	0.269021933271415	0.986461384582411	0.267914553118525	0.265056797885261	0.250517968136029	0.947345859827106	0.236014860327213	0.948453239979996	0.9862113309995	0.996856469243409	0.998106737157962	0.400978781167393	0.774201614631707
"B1910"	0.96620704436665	0.77255840537258	0.784489533471458	0.763699364149461	0.962170465099664	0.997177966707152	0.763806529970708	0.763806529970708	0.763663642209045	0.763556476387797	0	0.762127598771165	0.898228191755376	0.985675501893263	0.576766449953562	0.92398371079517	0.337536614988926	0.763770808030292	0.959634207330142	0.750589412016861	0.763663642209045	0.288204615274702	0.762949203400729	0.763627920268629	0.760948774737444	0.952882760591555	0.76277059369865	0.951525326855755	0.999535614774595	0.239086947202972	0.237586625705508	0.763770808030292	0.805101093091377
"B1914"	0.966278488247482	0.528613274273058	0.750589412016861	0.0384010859469886	0.997285132528399	0.997035078945488	0.152211188111738	0.0226834321640351	0.293420018575409	0.273308566121312	0.762127598771165	0	0.908158891190969	0.985496892191184	0.997820961634636	0.997856683575052	0.997892405515468	0.240873044223762	0.991605344002286	0.4055154676002	0.133921554618847	0.997892405515468	0.01089519182682	0.0115024648138887	0.0818032435521897	0.952561263127813	0.03779381295992	0.95131099521326	0.999249839251268	0.997392298349646	0.997963849396299	0.402086161320283	0.804636707865971
"B3010"	0.93198542544831	0.394013002786311	0.744945345431164	0.908051725369722	0.984889619204115	0.993319997142245	0.758841180252911	0.909266271343859	0.862041866114167	0.87750946631421	0.898228191755376	0.908158891190969	0	0.216046295634779	0.984068014574552	0.822533400014289	0.984532399799957	0.906801457455169	0.979709937843824	0.89462027577338	0.902014717439451	0.984532399799957	0.908730442237622	0.909337715224691	0.859541330285061	0.252018289633493	0.908444666714296	0.942916339215546	0.996356362077588	0.983710795170394	0.98663999428449	0.547367292991355	0.179252697006501
"B3014"	0.953882974923198	0.499035507608773	0.84993212831321	0.949274844609559	0.917589483460742	0.997392298349646	0.861148817603772	0.985425448310352	0.825998428234622	0.839751375294706	0.985675501893263	0.985496892191184	0.216046295634779	0	0.993034221618918	0.868114595984854	0.997320854468815	0.982960634421662	0.992748446095592	0.984603843680789	0.97820961634636	0.999178395370437	0.985461170250768	0.983389297706651	0.955097520897335	0.323497892405515	0.951703936557834	0.980281488890477	0.998856897906694	0.997856683575052	0.9993212831321	0.705615489033364	0.30302922054726
"B3610"	0.985389726369936	0.992962777738087	0.642601986139887	0.994856040580124	0.575730513681503	0.986747160105737	0.99778523969422	0.995927698792598	0.978459669929271	0.948739015503322	0.576766449953562	0.997820961634636	0.984068014574552	0.993034221618918	0	0.492034007287276	0.569550617989569	0.989712081160249	0.961563192112596	0.977352289776381	0.995749089090519	0.565085375437594	0.995034650282203	0.990855183253554	0.974994641708938	0.995391869686361	0.992176895048939	0.987925984139458	0.989640637279417	0.567407301564621	0.574301636064871	0.998749732085447	0.989604915339001
"B3614"	0.973994427377295	0.982782024719583	0.371758233907266	0.996320640137172	0.578552546974352	0.979424162320497	0.997820961634636	0.990426519968565	0.935271843966564	0.909301993284275	0.92398371079517	0.997856683575052	0.822533400014289	0.868114595984854	0.492034007287276	0	0.906337072229764	0.990819461313139	0.955490462241909	0.969457740944488	0.99532042580553	0.9061941844681	0.993141387440166	0.99089090519397	0.974423090662285	0.996927913124241	0.993248553261413	0.992855611916839	0.981031649639208	0.921733228548975	0.923447881688933	0.998749732085447	0.988604701007359
"B3710"	0.790133600057155	0.998499678502536	0.994034435950561	0.999142673430021	0.957669500607273	0.799099807101522	0.997749517753804	0.990355076087733	0.992391226691434	0.98399657069372	0.337536614988926	0.997892405515468	0.984532399799957	0.997320854468815	0.569550617989569	0.906337072229764	0	0.993355719082661	0.932235479031221	0.895263270700864	0.995177538043867	0.206972922769165	0.993177109380582	0.999535614774595	0.982103307851683	0.9993212831321	0.996284918196756	0.977209402014717	0.802207615917697	0.31724655283275	0.334857469457741	0.998678288204615	0.992248338929771
"B3714"	0.959705651210974	0.523612202614846	0.744373794384511	0.240194327355862	0.990533685789812	0.99242694863185	0.260091448167464	0.243552189754947	0.282239051225263	0.265271129527756	0.763770808030292	0.240873044223762	0.906801457455169	0.982960634421662	0.989712081160249	0.990819461313139	0.993355719082661	0	0.989069086232764	0.170929484889619	0.120490105022505	0.993712938486819	0.237836679288419	0.236657855254697	0.230656569264842	0.952132599842824	0.238408230335072	0.949417732371222	0.99378438236765	0.995177538043867	0.997892405515468	0.400907337286561	0.800207187254412
"B4113"	0.952132599842824	0.992998499678503	0.985711223833679	0.992534114453097	0.957383725083947	0.958419661356005	0.991605344002286	0.984175180395799	0.988354647424448	0.980317210830892	0.959634207330142	0.991605344002286	0.979709937843824	0.992748446095592	0.961563192112596	0.955490462241909	0.932235479031221	0.989069086232764	0	0.942702007573051	0.989140530113596	0.927091519611345	0.986068443237837	0.993177109380582	0.979388440380081	0.99267700221476	0.98978352504108	0.985854111595342	0.960205758376795	0.960920197185111	0.963134957490891	0.992284060870187	0.986997213688648
"B4314"	0.874294491676788	0.527577338001	0.747945988426091	0.406587125812674	0.97710223619347	0.906015574766021	0.404729584911052	0.39794241623205	0.398764020861613	0.394120168607559	0.750589412016861	0.4055154676002	0.89462027577338	0.984603843680789	0.977352289776381	0.969457740944488	0.895263270700864	0.170929484889619	0.942702007573051	0	0.280452954204472	0.895406158462528	0.400657283703651	0.407015789097664	0.391119525612631	0.95173965849825	0.403800814460241	0.943702221904694	0.909301993284275	0.978495391869686	0.984496677859541	0.4055154676002	0.797528041723226
"B4414"	0.957348003143531	0.521433164249482	0.748946202757734	0.134457383725084	0.994963206401372	0.994070157890977	0.153211402443381	0.142137600914482	0.287061513181396	0.269021933271415	0.763663642209045	0.133921554618847	0.902014717439451	0.97820961634636	0.995749089090519	0.99532042580553	0.995177538043867	0.120490105022505	0.989140530113596	0.280452954204472	0	0.995784811030935	0.130170750875188	0.134028720440094	0.122633421447453	0.944988211759663	0.13117096520683	0.950060727298707	0.995534757448025	0.998678288204615	0.998964063727942	0.394120168607559	0.793562906337072
"B1415"	0.827212974208759	0.998321068800457	0.995463313567193	0.998999785668357	0.951811102379081	0.828999071229549	0.99778523969422	0.990569407730228	0.993248553261413	0.986461384582411	0.288204615274702	0.997892405515468	0.984532399799957	0.999178395370437	0.565085375437594	0.9061941844681	0.206972922769165	0.993712938486819	0.927091519611345	0.895406158462528	0.995784811030935	0	0.992927055797671	0.999464170893763	0.981424590983782	0.999214117310852	0.996284918196756	0.933771522469101	0.877866685718368	0.14028006001286	0.185539758519683	0.998749732085447	0.992391226691434
"B1421"	0.960277202257627	0.52868471815389	0.748517539472744	0.0380795884832464	0.99267700221476	0.991498178181039	0.150996642137601	0.0270415088947632	0.289740658712581	0.267914553118525	0.762949203400729	0.01089519182682	0.908730442237622	0.985461170250768	0.995034650282203	0.993141387440166	0.993177109380582	0.237836679288419	0.986068443237837	0.400657283703651	0.130170750875188	0.992927055797671	0	0.00928770450810888	0.0772665571193827	0.952168321783239	0.035436164892477	0.951132385511181	0.993677216546403	0.997642351932557	0.997963849396299	0.401264556690719	0.800242909194827
"B1807"	0.965742659141245	0.522754876044867	0.742409087661642	0.0382224762449096	0.990247910266486	0.998142459098378	0.152389797813817	0.0323997999571337	0.285096806458527	0.265056797885261	0.763627920268629	0.0115024648138887	0.909337715224691	0.983389297706651	0.990855183253554	0.99089090519397	0.999535614774595	0.236657855254697	0.993177109380582	0.407015789097664	0.134028720440094	0.999464170893763	0.00928770450810888	0	0.0749089090519397	0.952632707008645	0.0387225834107309	0.952311209544902	0.9993212831321	0.998285346860041	0.99957133671501	0.402336214903194	0.804958205329714
"B2410"	0.923483603629349	0.473458598271058	0.723940844466671	0.0884475244695292	0.969064799599914	0.980710152175466	0.106594270200757	0.0938772594127313	0.274094448810459	0.250517968136029	0.760948774737444	0.0818032435521897	0.859541330285061	0.955097520897335	0.974994641708938	0.974423090662285	0.982103307851683	0.230656569264842	0.979388440380081	0.391119525612631	0.122633421447453	0.981424590983782	0.0772665571193827	0.0749089090519397	0	0.90705151103808	0.0787311566764307	0.930449382010431	0.981817532328356	0.984532399799957	0.99446309923555	0.357040794455955	0.752768450382225
"B2414"	0.939487032935629	0.44731013788669	0.941558905479746	0.946667142959206	0.993855826248482	0.997499464170894	0.802171893977281	0.952132599842824	0.947345859827106	0.947345859827106	0.952882760591555	0.952561263127813	0.252018289633493	0.323497892405515	0.995391869686361	0.996927913124241	0.9993212831321	0.952132599842824	0.99267700221476	0.95173965849825	0.944988211759663	0.999214117310852	0.952168321783239	0.952632707008645	0.90705151103808	0	0.947667357290848	0.947631635350432	0.999214117310852	0.998749732085447	0.999464170893763	0.615024648138887	0.226619989997857
"B0410"	0.963563620775881	0.52868471815389	0.741265985568336	0.0145031078088162	0.961884689576338	0.995034650282203	0.151068086018433	0.0565478316782168	0.268378938343931	0.236014860327213	0.76277059369865	0.03779381295992	0.908444666714296	0.951703936557834	0.992176895048939	0.993248553261413	0.996284918196756	0.238408230335072	0.98978352504108	0.403800814460241	0.13117096520683	0.996284918196756	0.035436164892477	0.0387225834107309	0.0787311566764307	0.947667357290848	0	0.950239337000786	0.996927913124241	0.997999571336715	0.998178181038794	0.401407444452383	0.779417017932414
"B0610"	0.557297992426949	0.942487675930557	0.941058798313924	0.94952489819247	0.985854111595342	0.566942916339216	0.948096020575838	0.952311209544902	0.947202972065443	0.948453239979996	0.951525326855755	0.95131099521326	0.942916339215546	0.980281488890477	0.987925984139458	0.992855611916839	0.977209402014717	0.949417732371222	0.985854111595342	0.943702221904694	0.950060727298707	0.933771522469101	0.951132385511181	0.952311209544902	0.930449382010431	0.947631635350432	0.950239337000786	0	0.981888976209188	0.906837179395585	0.995891976852183	0.948453239979996	0.94373794384511
"B0614"	0.715224691005215	0.998999785668357	0.996785025362578	0.998964063727942	0.990426519968565	0.810459384153747	0.997642351932557	0.990283632206902	0.993034221618918	0.9862113309995	0.999535614774595	0.999249839251268	0.996356362077588	0.998856897906694	0.989640637279417	0.981031649639208	0.802207615917697	0.99378438236765	0.960205758376795	0.909301993284275	0.995534757448025	0.877866685718368	0.993677216546403	0.9993212831321	0.981817532328356	0.999214117310852	0.996927913124241	0.981888976209188	0	0.982924912481246	0.997035078945488	0.998571122383368	0.992855611916839
"B3810"	0.948238908337501	0.997428020290062	0.995463313567193	0.998321068800457	0.957919554190184	0.950025005358291	0.998178181038794	0.998678288204615	0.995534757448025	0.996856469243409	0.239086947202972	0.997392298349646	0.983710795170394	0.997856683575052	0.567407301564621	0.921733228548975	0.31724655283275	0.995177538043867	0.960920197185111	0.978495391869686	0.998678288204615	0.14028006001286	0.997642351932557	0.998285346860041	0.984532399799957	0.998749732085447	0.997999571336715	0.906837179395585	0.982924912481246	0	0.10580838751161	0.998642566264199	0.996249196256341
"B3813"	0.996213474315925	0.999499892834179	0.997928127455883	0.9993212831321	0.960634421661785	0.996106308494677	0.998535400442952	0.99889261984711	0.998071015217547	0.998106737157962	0.237586625705508	0.997963849396299	0.98663999428449	0.9993212831321	0.574301636064871	0.923447881688933	0.334857469457741	0.997892405515468	0.963134957490891	0.984496677859541	0.998964063727942	0.185539758519683	0.997963849396299	0.99957133671501	0.99446309923555	0.999464170893763	0.998178181038794	0.995891976852183	0.997035078945488	0.10580838751161	0	0.99889261984711	0.997713795813389
"B3815"	0.93973708651854	0.217725226834322	0.741980424376652	0.400871615346146	0.997999571336715	0.99710652282632	0.251053797242266	0.401014503107809	0.400907337286561	0.400978781167393	0.763770808030292	0.402086161320283	0.547367292991355	0.705615489033364	0.998749732085447	0.998749732085447	0.998678288204615	0.400907337286561	0.992284060870187	0.4055154676002	0.394120168607559	0.998749732085447	0.401264556690719	0.402336214903194	0.357040794455955	0.615024648138887	0.401407444452383	0.948453239979996	0.998571122383368	0.998642566264199	0.99889261984711	0	0.415946274201615
"B4014"	0.931235264699579	0.299635636207759	0.79902836322069	0.780774451668215	0.969814960348646	0.990819461313139	0.653175680502965	0.80013574337358	0.775201828963349	0.774201614631707	0.805101093091377	0.804636707865971	0.179252697006501	0.30302922054726	0.989604915339001	0.988604701007359	0.992248338929771	0.800207187254412	0.986997213688648	0.797528041723226	0.793562906337072	0.992391226691434	0.800242909194827	0.804958205329714	0.752768450382225	0.226619989997857	0.779417017932414	0.94373794384511	0.992855611916839	0.996249196256341	0.997713795813389	0.415946274201615	0
