""	"B1422"	"B1424"	"B1428"	"B1810"	"B1811"	"B1813"	"B2418"	"B2421"	"B1401"	"B1403"	"B1801"	"B2401"	"B2403"	"B1404"	"B1804"	"B2404"	"B2407"	"B1442"	"B1834"	"B1841"	"B2428"	"B1415"	"B1421"	"B1807"	"B2410"	"B2414"	"B1435"	"B1817"	"B1821"	"B1828"	"B2424"	"B1445"	"B1450"	"B1456"	"B1463"	"B1849"	"B1853"	"B1859"	"B1866"	"B1869"	"B2434"	"B2438"	"B2442"
"B1422"	0	0.987675930556548	0.0325426877187969	0.0157176537829535	0.0113595770522255	0.0698721154533114	0.961563192112596	0.149924983925127	0.817532328356076	0.988211759662785	0.978995499035508	0.966957205115382	0.993034221618918	0.992498392512681	0.978031006644281	0.995499035507609	0.933842966349932	0.0387583053511467	0.323569336286347	0.853611488176038	0.944130885189683	0.987854540258627	0.00893048510395085	0.0163249267700221	0.0754447381581767	0.952311209544902	0.503036364935343	0.519289847824534	0.0570836607844538	0.0315067514467386	0.427198685432593	0.337429449167679	0.838858326784311	0.830892334071587	0.937986711438165	0.651389583482175	0.690898049582053	0.979852825605487	0.883510752304065	0.903765092519826	0.809709223405015	0.985032506965778	0.976173465742659
"B1424"	0.987675930556548	0	0.991641065942702	0.998142459098378	0.998714010145031	0.9868900478674	0.9993212831321	0.992891333857255	0.968386082732014	0.99267700221476	0.991391012359791	0.992784168036008	0.995248981924698	0.990855183253554	0.992319782810602	0.99778523969422	0.992819889976424	0.982710580838751	0.980602986354219	0.990176466385654	0.997892405515468	0.88040294348789	0.992962777738087	0.999392727012931	0.985211116667857	0.999357005072516	0.899478459669929	0.650853754375938	0.984889619204115	0.984210902336215	0.996177752375509	0.980138601128813	0.991140958776881	0.997070800885904	0.99421304565264	0.998964063727942	0.999035507608773	0.997463742230478	0.994177323712224	0.991855397585197	0.995106094163035	0.986747160105737	0.999071229549189
"B1428"	0.0325426877187969	0.991641065942702	0	0.0340072872758448	0.0345431163820819	0.080124312352647	0.96152747017218	0.152925626920054	0.820247195827677	0.984996785025363	0.97463742230478	0.964635278988355	0.991641065942702	0.985389726369936	0.974244480960206	0.994713152818461	0.930556547831678	0.0359005501178824	0.301457455168965	0.822176180610131	0.942666285632636	0.96509966421376	0.0323640780167179	0.0353647210116454	0.0769093377152247	0.952275487604487	0.480995927698793	0.497177966707152	0.0639422733442881	0.0467242980638708	0.433771522469101	0.341823247838823	0.843537900978781	0.829427734514539	0.935629063370722	0.65117525183968	0.690862327641637	0.979888547545903	0.885225405444024	0.907515896263485	0.807744516682146	0.993998714010145	0.976102021861827
"B1810"	0.0157176537829535	0.998142459098378	0.0340072872758448	0	0.0139672787025791	0.0754804600985926	0.957348003143531	0.153139958562549	0.822283346431378	0.984925341144531	0.975423304993927	0.963099235550475	0.99156962206187	0.989997856683575	0.973422876330642	0.994427377295135	0.928877616632135	0.0490105022504822	0.332464099449882	0.852718439665643	0.942844895334715	0.998071015217547	0.00893048510395085	0.00857326569979281	0.077945273987283	0.948310352218332	0.512931342430521	0.527541616060584	0.0647281560334357	0.0446524255197542	0.431128098878331	0.347431592484104	0.841894691719654	0.826748588983354	0.936522111881117	0.650460813031364	0.687075801957562	0.976352075444738	0.883332142601986	0.905586911481032	0.805636922197614	0.993712938486819	0.971672501250268
"B1811"	0.0113595770522255	0.998714010145031	0.0345431163820819	0.0139672787025791	0	0.0762663427877402	0.958062441951847	0.1496392084018	0.82456955061799	0.987461598914053	0.978852611273844	0.962742016146317	0.988104593841537	0.991391012359791	0.975280417232264	0.99046224190898	0.928163177823819	0.0492605558333929	0.32857040794456	0.849324855326141	0.938593984425234	0.998749732085447	0.0131099521325998	0.0131813960134315	0.0797313710080732	0.948989069086233	0.508644709580624	0.529934986068443	0.0667643066371365	0.0393298563977995	0.422090447953133	0.342966349932128	0.840751589626349	0.825998428234622	0.939415589054797	0.645959848538973	0.688326069872115	0.978102450525113	0.882331928270344	0.904515253268558	0.805565478316782	0.986354218761163	0.967207258698292
"B1813"	0.0698721154533114	0.9868900478674	0.080124312352647	0.0754804600985926	0.0762663427877402	0	0.954383082089019	0.149460598699721	0.755661927555905	0.927127241551761	0.912624133742945	0.90015717653783	0.986139887118668	0.932985639779953	0.910480817317997	0.993820104308066	0.867007215831964	0.0760520111452454	0.322461956133457	0.849682074730299	0.943630778023862	0.956526398513967	0.0732656997928127	0.0805172536972208	0.0604415231835393	0.945345431163821	0.502179038365364	0.512538401085947	0.0722654854611702	0.0567978852611274	0.427448739015503	0.338751160963064	0.829963563620776	0.821604629563478	0.929556333500036	0.650710866614274	0.682824891048082	0.971958276773594	0.87436593555762	0.894548831892548	0.802314781738944	0.986139887118668	0.966457097949561
"B2418"	0.961563192112596	0.9993212831321	0.96152747017218	0.957348003143531	0.958062441951847	0.954383082089019	0	0.961348860470101	0.94441666071301	0.985675501893263	0.971529613488605	0.889261984711009	0.968779024076588	0.990390798028149	0.963813674358791	0.971065228263199	0.928913338572551	0.961634635993427	0.935379009787812	0.935057512324069	0.950525112524112	0.999106951489605	0.961313138529685	0.961491748231764	0.917125098235336	0.0310780881617489	0.953418589697792	0.960884475244695	0.961027363006358	0.960098592555548	0.953347145816961	0.936379224119454	0.835821961848968	0.742159034078731	0.937057940987354	0.935593341430306	0.746445666928628	0.801743230692291	0.426162749160534	0.407587340144317	0.45684789597771	0.970922340501536	0.324462384796742
"B2421"	0.149924983925127	0.992891333857255	0.152925626920054	0.153139958562549	0.1496392084018	0.149460598699721	0.961348860470101	0	0.821961848967636	0.984711009502036	0.974423090662285	0.965171108094592	0.990998071015218	0.986425662641995	0.973494320211474	0.994427377295135	0.930020718725441	0.154175894834607	0.328248910480817	0.849217689504894	0.942523397870972	0.993141387440166	0.152211188111738	0.154783167821676	0.154390226477102	0.952346931485318	0.507965992712724	0.524791026648568	0.161570336500679	0.144888190326499	0.365542616274916	0.343752232621276	0.845216832178324	0.829392012574123	0.937343716510681	0.65117525183968	0.691076659284132	0.981710366507109	0.887118668286061	0.909301993284275	0.809352004000857	0.995749089090519	0.976102021861827
"B1401"	0.817532328356076	0.968386082732014	0.820247195827677	0.822283346431378	0.82456955061799	0.755661927555905	0.94441666071301	0.821961848967636	0	0.262449096234907	0.244838179609916	0.234728870472244	0.945202543402158	0.255554761734657	0.246874330213617	0.953204258055298	0.277559477030792	0.809530613702936	0.763592198328213	0.801743230692291	0.900978781167393	0.908730442237622	0.822283346431378	0.82056869329142	0.776202043294992	0.935521897549475	0.754625991283847	0.789954990355076	0.805851253840109	0.796456383510752	0.7848110309352	0.761948989069086	0.781346002714867	0.801207401586054	0.910980924483818	0.786704293777238	0.807958848324641	0.960384368078874	0.849824962491963	0.857898121025934	0.823747945988426	0.93709366292777	0.943952275487605
"B1403"	0.988211759662785	0.99267700221476	0.984996785025363	0.984925341144531	0.987461598914053	0.927127241551761	0.985675501893263	0.984711009502036	0.262449096234907	0	0.183646495677645	0.170357933842966	0.985068228906194	0.0799099807101522	0.107022933485747	0.992998499678503	0.376509251982568	0.985282560548689	0.979138386797171	0.980317210830892	0.986425662641995	0.93352146888619	0.987390155033221	0.988640422947775	0.969064799599914	0.986032721297421	0.981674644566693	0.97667357290848	0.978102450525113	0.973637207973137	0.985354004429521	0.980710152175466	0.975959134100164	0.978745445452597	0.975351861113096	0.986818603986569	0.985568336072015	0.985425448310352	0.97863827963135	0.975744802457669	0.983174966064157	0.99353432878474	0.984568121740373
"B1801"	0.978995499035508	0.991391012359791	0.97463742230478	0.975423304993927	0.978852611273844	0.912624133742945	0.971529613488605	0.974423090662285	0.244838179609916	0.183646495677645	0	0.176252054011574	0.985496892191184	0.15917696649282	0.154926055583339	0.993498606844324	0.355504751018075	0.974958919768522	0.970922340501536	0.971243837965278	0.978245338286776	0.931235264699579	0.97820961634636	0.979817103665071	0.952596985068229	0.971279559905694	0.971958276773594	0.966778595413303	0.969171965421162	0.964242337643781	0.976602129027649	0.970279345574052	0.858076730728013	0.938808316067729	0.843895120382939	0.97863827963135	0.968921911838251	0.971065228263199	0.961991855397585	0.937486604272344	0.968171751089519	0.994034435950561	0.970386511395299
"B2401"	0.966957205115382	0.992784168036008	0.964635278988355	0.963099235550475	0.962742016146317	0.90015717653783	0.889261984711009	0.965171108094592	0.234728870472244	0.170357933842966	0.176252054011574	0	0.978281060227192	0.170607987425877	0.1613917267986	0.986318496820747	0.340787311566764	0.964706722869186	0.952989926412803	0.953382867757377	0.960741587483032	0.932271200971637	0.966314210187897	0.964778166750018	0.921268843323569	0.887511609630635	0.954668857612346	0.955597628063156	0.956347788811888	0.947488747588769	0.95752661284561	0.953132814174466	0.84882474816032	0.858076730728013	0.925412588411803	0.959598485389726	0.867435879116954	0.881474601700364	0.837000785882689	0.829034793169965	0.880652997070801	0.985746945774094	0.871829677788098
"B2403"	0.993034221618918	0.995248981924698	0.991641065942702	0.99156962206187	0.988104593841537	0.986139887118668	0.968779024076588	0.990998071015218	0.945202543402158	0.985068228906194	0.985496892191184	0.978281060227192	0	0.984746731442452	0.980210045009645	0.419232692719869	0.682574837465171	0.991819675644781	0.7979209830678	0.72522683432164	0.147924555261842	0.993748660427234	0.993427162963492	0.984889619204115	0.97463742230478	0.988997642351933	0.621704650996642	0.987175823390727	0.987390155033221	0.979959991426734	0.63049224833893	0.789026219904265	0.952739872829892	0.967921697506609	0.992927055797671	0.669286275630492	0.988819032649853	0.990819461313139	0.920482960634422	0.944523826534257	0.929127670215046	0.668178895477602	0.976923626491391
"B1404"	0.992498392512681	0.990855183253554	0.985389726369936	0.989997856683575	0.991391012359791	0.932985639779953	0.990390798028149	0.986425662641995	0.255554761734657	0.0799099807101522	0.15917696649282	0.170607987425877	0.984746731442452	0	0.0864113738658284	0.992498392512681	0.378652568407516	0.985746945774094	0.979102664856755	0.980281488890477	0.990176466385654	0.92994927484461	0.991676787883118	0.992391226691434	0.972815603343574	0.991069514896049	0.981853254268772	0.977352289776381	0.982460527255841	0.977602343359291	0.98910480817318	0.982246195613346	0.982960634421662	0.983746517110809	0.982031863970851	0.990533685789812	0.990855183253554	0.990855183253554	0.983746517110809	0.982853468600414	0.987854540258627	0.993605772665571	0.98978352504108
"B1804"	0.978031006644281	0.992319782810602	0.974244480960206	0.973422876330642	0.975280417232264	0.910480817317997	0.963813674358791	0.973494320211474	0.246874330213617	0.107022933485747	0.154926055583339	0.1613917267986	0.980210045009645	0.0864113738658284	0	0.988318925484032	0.364292348360363	0.974494534543116	0.964706722869186	0.964992498392513	0.97131528184611	0.931878259627063	0.977209402014717	0.973137100807316	0.940987354433093	0.963777952418375	0.965599771379581	0.966028434664571	0.967850253625777	0.958705436879331	0.970279345574052	0.964706722869186	0.943023505036794	0.948560405801243	0.94663142101879	0.971886832892763	0.956562120454383	0.964242337643781	0.948953347145817	0.943166392798457	0.958348217475173	0.988247481603201	0.956312066871472
"B2404"	0.995499035507609	0.99778523969422	0.994713152818461	0.994427377295135	0.99046224190898	0.993820104308066	0.971065228263199	0.994427377295135	0.953204258055298	0.992998499678503	0.993498606844324	0.986318496820747	0.419232692719869	0.992498392512681	0.988318925484032	0	0.690540830177895	0.994641708937629	0.757126527112953	0.310245052511252	0.561155961991855	0.997928127455883	0.995891976852183	0.987354433092806	0.981496034864614	0.991355290419376	0.626384225191112	0.994141601771808	0.994070157890977	0.986925769807816	0.633028506108452	0.791669643495035	0.954990355076088	0.970672286918625	0.995284703865114	0.427055797670929	0.991140958776881	0.993177109380582	0.922947774523112	0.947167250125027	0.931628206044152	0.447953132814174	0.979174108737587
"B2407"	0.933842966349932	0.992819889976424	0.930556547831678	0.928877616632135	0.928163177823819	0.867007215831964	0.928913338572551	0.930020718725441	0.277559477030792	0.376509251982568	0.355504751018075	0.340787311566764	0.682574837465171	0.378652568407516	0.364292348360363	0.690540830177895	0	0.930806601414589	0.846538543973709	0.773380010002143	0.674680288633279	0.932556976494963	0.933021361720369	0.926127027220119	0.897406587125813	0.939915696220619	0.656354933199971	0.921733228548975	0.923376437808102	0.912338358219619	0.660784453811531	0.829320568693291	0.877580910195042	0.893762949203401	0.922090447953133	0.721047367292991	0.919589912124027	0.968814746017004	0.868614703150675	0.869579195541902	0.881581767521612	0.777880974494535	0.948774737443738
"B1442"	0.0387583053511467	0.982710580838751	0.0359005501178824	0.0490105022504822	0.0492605558333929	0.0760520111452454	0.961634635993427	0.154175894834607	0.809530613702936	0.985282560548689	0.974958919768522	0.964706722869186	0.991819675644781	0.985746945774094	0.974494534543116	0.994641708937629	0.930806601414589	0	0.295384725298278	0.840644423805101	0.94263056369222	0.975387583053511	0.0436522111881117	0.0501893262842038	0.0718368221761806	0.952239765664071	0.48221047367293	0.508180324355219	0.0557619489890691	0.0395441880402944	0.435200400085733	0.317067943130671	0.834321640351504	0.827784525255412	0.934914624562406	0.650782310495106	0.690683717939559	0.979638493962992	0.882010430806601	0.901478888333214	0.807673072801315	0.980031435307566	0.974494534543116
"B1834"	0.323569336286347	0.980602986354219	0.301457455168965	0.332464099449882	0.32857040794456	0.322461956133457	0.935379009787812	0.328248910480817	0.763592198328213	0.979138386797171	0.970922340501536	0.952989926412803	0.7979209830678	0.979102664856755	0.964706722869186	0.757126527112953	0.846538543973709	0.295384725298278	0	0.575516182039008	0.889869257698078	0.951596770736586	0.328784739587054	0.326569979281275	0.307744516682146	0.946774308780453	0.409909266271344	0.486139887118668	0.320425805529756	0.312424090876616	0.404622419089805	0.133707222976352	0.792598413945846	0.801707508751875	0.934093019932843	0.408480388654712	0.685146817175109	0.976137743802243	0.806458526827177	0.851896835036079	0.739801386011288	0.740265771236694	0.954311638208187
"B1841"	0.853611488176038	0.990176466385654	0.822176180610131	0.852718439665643	0.849324855326141	0.849682074730299	0.935057512324069	0.849217689504894	0.801743230692291	0.980317210830892	0.971243837965278	0.953382867757377	0.72522683432164	0.980281488890477	0.964992498392513	0.310245052511252	0.773380010002143	0.840644423805101	0.575516182039008	0	0.817353718653997	0.940987354433093	0.852861327427306	0.847324426662856	0.834928913338573	0.94663142101879	0.695327570193613	0.804886761448882	0.849360577266557	0.842251911123812	0.731013788669	0.64453097092234	0.812638422519111	0.82992784168036	0.935164678145317	0.3110309352004	0.849717796670715	0.976280631563907	0.816460670143602	0.859934271629635	0.778631135243266	0.507144388083161	0.946274201614632
"B2428"	0.944130885189683	0.997892405515468	0.942666285632636	0.942844895334715	0.938593984425234	0.943630778023862	0.950525112524112	0.942523397870972	0.900978781167393	0.986425662641995	0.978245338286776	0.960741587483032	0.147924555261842	0.990176466385654	0.97131528184611	0.561155961991855	0.674680288633279	0.94263056369222	0.889869257698078	0.817353718653997	0	0.997856683575052	0.943523612202615	0.935664785311138	0.92952061155962	0.950489390583697	0.574515967707366	0.941844681003072	0.943130670858041	0.936450668000286	0.581338858326784	0.87282989211974	0.904443809387726	0.920554404515253	0.951275273272844	0.759984282346217	0.938915481888976	0.978745445452597	0.922912052582696	0.91351718225334	0.935664785311138	0.807923126384225	0.959848538972637
"B1415"	0.987854540258627	0.88040294348789	0.96509966421376	0.998071015217547	0.998749732085447	0.956526398513967	0.999106951489605	0.993141387440166	0.908730442237622	0.93352146888619	0.931235264699579	0.932271200971637	0.993748660427234	0.92994927484461	0.931878259627063	0.997928127455883	0.932556976494963	0.975387583053511	0.951596770736586	0.940987354433093	0.997856683575052	0	0.992927055797671	0.999464170893763	0.981424590983782	0.999214117310852	0.869686361363149	0.772165464028006	0.982067585911267	0.979674215903408	0.996142030435093	0.97931699649925	0.990605129670644	0.996249196256341	0.993319997142245	0.998499678502536	0.99889261984711	0.997499464170894	0.99353432878474	0.991283846538544	0.994963206401372	0.986782882046153	0.998606844323784
"B1421"	0.00893048510395085	0.992962777738087	0.0323640780167179	0.00893048510395085	0.0131099521325998	0.0732656997928127	0.961313138529685	0.152211188111738	0.822283346431378	0.987390155033221	0.97820961634636	0.966314210187897	0.993427162963492	0.991676787883118	0.977209402014717	0.995891976852183	0.933021361720369	0.0436522111881117	0.328784739587054	0.852861327427306	0.943523612202615	0.992927055797671	0	0.00928770450810888	0.0772665571193827	0.952168321783239	0.50843037793813	0.524648138886904	0.0621561763234979	0.0389369150532257	0.429592055440452	0.342752018289633	0.840894477388012	0.83060655854826	0.93752232621276	0.65160391512467	0.690933771522469	0.97999571336715	0.884082303350718	0.905051082374795	0.809352004000857	0.990712295491891	0.976352075444738
"B1807"	0.0163249267700221	0.999392727012931	0.0353647210116454	0.00857326569979281	0.0131813960134315	0.0805172536972208	0.961491748231764	0.154783167821676	0.82056869329142	0.988640422947775	0.979817103665071	0.964778166750018	0.984889619204115	0.992391226691434	0.973137100807316	0.987354433092806	0.926127027220119	0.0501893262842038	0.326569979281275	0.847324426662856	0.935664785311138	0.999464170893763	0.00928770450810888	0	0.0749089090519397	0.952632707008645	0.506108451811102	0.531113810102165	0.0680145745516896	0.0401157390869472	0.424269486318497	0.340537257983854	0.838179609916411	0.823176394941773	0.940272915624777	0.643209259126956	0.686932914195899	0.981674644566693	0.879867114381653	0.901978995499035	0.809280560120026	0.987675930556548	0.968100307208688
"B2410"	0.0754447381581767	0.985211116667857	0.0769093377152247	0.077945273987283	0.0797313710080732	0.0604415231835393	0.917125098235336	0.154390226477102	0.776202043294992	0.969064799599914	0.952596985068229	0.921268843323569	0.97463742230478	0.972815603343574	0.940987354433093	0.981496034864614	0.897406587125813	0.0718368221761806	0.307744516682146	0.834928913338573	0.92952061155962	0.981424590983782	0.0772665571193827	0.0749089090519397	0	0.90705151103808	0.486782882046153	0.511823962277631	0.0716582124741016	0.0582982067585911	0.420983067800243	0.31946131313853	0.77545188254626	0.766914338786883	0.905836965063942	0.638029577766664	0.641458884046581	0.948596127741659	0.822283346431378	0.840251482460527	0.759769950703722	0.974280202900622	0.921125955561906
"B2414"	0.952311209544902	0.999357005072516	0.952275487604487	0.948310352218332	0.948989069086233	0.945345431163821	0.0310780881617489	0.952346931485318	0.935521897549475	0.986032721297421	0.971279559905694	0.887511609630635	0.988997642351933	0.991069514896049	0.963777952418375	0.991355290419376	0.939915696220619	0.952239765664071	0.946774308780453	0.94663142101879	0.950489390583697	0.999214117310852	0.952168321783239	0.952632707008645	0.90705151103808	0	0.947774523112095	0.951632492677002	0.951775380438665	0.951096663570765	0.947060084303779	0.94731013788669	0.827891691076659	0.726405658355362	0.927948846181325	0.947060084303779	0.715939129813531	0.800957348003144	0.421233121383154	0.398692576980782	0.447810245052511	0.990855183253554	0.3248196042009
"B1435"	0.503036364935343	0.899478459669929	0.480995927698793	0.512931342430521	0.508644709580624	0.502179038365364	0.953418589697792	0.507965992712724	0.754625991283847	0.981674644566693	0.971958276773594	0.954668857612346	0.621704650996642	0.981853254268772	0.965599771379581	0.626384225191112	0.656354933199971	0.48221047367293	0.409909266271344	0.695327570193613	0.574515967707366	0.869686361363149	0.50843037793813	0.506108451811102	0.486782882046153	0.947774523112095	0	0.409980710152175	0.500321497463742	0.492141173108523	0.149103379295563	0.4179467028649	0.791598199614203	0.80192184039437	0.93420018575409	0.469922126169894	0.686182753447167	0.97710223619347	0.863470743730799	0.87172251196685	0.796885046795742	0.792634135886261	0.958026720011431
"B1817"	0.519289847824534	0.650853754375938	0.497177966707152	0.527541616060584	0.529934986068443	0.512538401085947	0.960884475244695	0.524791026648568	0.789954990355076	0.97667357290848	0.966778595413303	0.955597628063156	0.987175823390727	0.977352289776381	0.966028434664571	0.994141601771808	0.921733228548975	0.508180324355219	0.486139887118668	0.804886761448882	0.941844681003072	0.772165464028006	0.524648138886904	0.531113810102165	0.511823962277631	0.951632492677002	0.409980710152175	0	0.465635493319997	0.510788026005573	0.527505894120169	0.511431020933057	0.836786454240194	0.828320354361649	0.934736014860327	0.651103807958848	0.689790669429163	0.971922554833179	0.882153318568265	0.901978995499035	0.738372508394656	0.940701578909766	0.97488747588769
"B1821"	0.0570836607844538	0.984889619204115	0.0639422733442881	0.0647281560334357	0.0667643066371365	0.0722654854611702	0.961027363006358	0.161570336500679	0.805851253840109	0.978102450525113	0.969171965421162	0.956347788811888	0.987390155033221	0.982460527255841	0.967850253625777	0.994070157890977	0.923376437808102	0.0557619489890691	0.320425805529756	0.849360577266557	0.943130670858041	0.982067585911267	0.0621561763234979	0.0680145745516896	0.0716582124741016	0.951775380438665	0.500321497463742	0.465635493319997	0	0.0481174537400872	0.439594198756876	0.337179395584768	0.837679502750589	0.829570622276202	0.937200828749018	0.650960920197185	0.689933557190827	0.972065442594842	0.882367650210759	0.902443380724441	0.762199042651997	0.94663142101879	0.975137529470601
"B1828"	0.0315067514467386	0.984210902336215	0.0467242980638708	0.0446524255197542	0.0393298563977995	0.0567978852611274	0.960098592555548	0.144888190326499	0.796456383510752	0.973637207973137	0.964242337643781	0.947488747588769	0.979959991426734	0.977602343359291	0.958705436879331	0.986925769807816	0.912338358219619	0.0395441880402944	0.312424090876616	0.842251911123812	0.936450668000286	0.979674215903408	0.0389369150532257	0.0401157390869472	0.0582982067585911	0.951096663570765	0.492141173108523	0.510788026005573	0.0481174537400872	0	0.415946274201615	0.329034793169965	0.830070729442023	0.821676073444309	0.936629277702365	0.643566478531114	0.684861041651783	0.978066728584697	0.874723154961778	0.894727441594627	0.805279702793456	0.976816460670144	0.967671643923698
"B2424"	0.427198685432593	0.996177752375509	0.433771522469101	0.431128098878331	0.422090447953133	0.427448739015503	0.953347145816961	0.365542616274916	0.7848110309352	0.985354004429521	0.976602129027649	0.95752661284561	0.63049224833893	0.98910480817318	0.970279345574052	0.633028506108452	0.660784453811531	0.435200400085733	0.404622419089805	0.731013788669	0.581338858326784	0.996142030435093	0.429592055440452	0.424269486318497	0.420983067800243	0.947060084303779	0.149103379295563	0.527505894120169	0.439594198756876	0.415946274201615	0	0.406337072229764	0.805886975780524	0.805744088018861	0.93709366292777	0.470172179752804	0.685575480460099	0.977602343359291	0.867971708223191	0.880688719011217	0.798849753518611	0.810387940272916	0.958705436879331
"B1445"	0.337429449167679	0.980138601128813	0.341823247838823	0.347431592484104	0.342966349932128	0.338751160963064	0.936379224119454	0.343752232621276	0.761948989069086	0.980710152175466	0.970279345574052	0.953132814174466	0.789026219904265	0.982246195613346	0.964706722869186	0.791669643495035	0.829320568693291	0.317067943130671	0.133707222976352	0.64453097092234	0.87282989211974	0.97931699649925	0.342752018289633	0.340537257983854	0.31946131313853	0.94731013788669	0.4179467028649	0.511431020933057	0.337179395584768	0.329034793169965	0.406337072229764	0	0.748017432306923	0.76855754804601	0.929484889619204	0.446417089376295	0.682574837465171	0.976173465742659	0.803207830249339	0.845466885761235	0.743552189754948	0.771951132385511	0.956740730156462
"B1450"	0.838858326784311	0.991140958776881	0.843537900978781	0.841894691719654	0.840751589626349	0.829963563620776	0.835821961848968	0.845216832178324	0.781346002714867	0.975959134100164	0.858076730728013	0.84882474816032	0.952739872829892	0.982960634421662	0.943023505036794	0.954990355076088	0.877580910195042	0.834321640351504	0.792598413945846	0.812638422519111	0.904443809387726	0.990605129670644	0.840894477388012	0.838179609916411	0.77545188254626	0.827891691076659	0.791598199614203	0.836786454240194	0.837679502750589	0.830070729442023	0.805886975780524	0.748017432306923	0	0.150282203329285	0.793491462456241	0.805458312495535	0.288418946917197	0.38840465814103	0.550510823747946	0.629706365649782	0.718653997285133	0.941558905479746	0.706901478888333
"B1456"	0.830892334071587	0.997070800885904	0.829427734514539	0.826748588983354	0.825998428234622	0.821604629563478	0.742159034078731	0.829392012574123	0.801207401586054	0.978745445452597	0.938808316067729	0.858076730728013	0.967921697506609	0.983746517110809	0.948560405801243	0.970672286918625	0.893762949203401	0.827784525255412	0.801707508751875	0.82992784168036	0.920554404515253	0.996249196256341	0.83060655854826	0.823176394941773	0.766914338786883	0.726405658355362	0.80192184039437	0.828320354361649	0.829570622276202	0.821676073444309	0.805744088018861	0.76855754804601	0.150282203329285	0	0.876902193327141	0.806315639065514	0.174430235050368	0.281203114953204	0.457740944488105	0.565085375437594	0.603307851682503	0.967242980638708	0.614238765449739
"B1463"	0.937986711438165	0.99421304565264	0.935629063370722	0.936522111881117	0.939415589054797	0.929556333500036	0.937057940987354	0.937343716510681	0.910980924483818	0.975351861113096	0.843895120382939	0.925412588411803	0.992927055797671	0.982031863970851	0.94663142101879	0.995284703865114	0.922090447953133	0.934914624562406	0.934093019932843	0.935164678145317	0.951275273272844	0.993319997142245	0.93752232621276	0.940272915624777	0.905836965063942	0.927948846181325	0.93420018575409	0.934736014860327	0.937200828749018	0.936629277702365	0.93709366292777	0.929484889619204	0.793491462456241	0.876902193327141	0	0.939701364578124	0.908658998356791	0.948774737443738	0.900442952061156	0.875937700935915	0.912195470457955	0.992355504751018	0.944666714295921
"B1849"	0.651389583482175	0.998964063727942	0.65117525183968	0.650460813031364	0.645959848538973	0.650710866614274	0.935593341430306	0.65117525183968	0.786704293777238	0.986818603986569	0.97863827963135	0.959598485389726	0.669286275630492	0.990533685789812	0.971886832892763	0.427055797670929	0.721047367292991	0.650782310495106	0.408480388654712	0.3110309352004	0.759984282346217	0.998499678502536	0.65160391512467	0.643209259126956	0.638029577766664	0.947060084303779	0.469922126169894	0.651103807958848	0.650960920197185	0.643566478531114	0.470172179752804	0.446417089376295	0.805458312495535	0.806315639065514	0.939701364578124	0	0.686004143745088	0.978781167393013	0.813138529684932	0.861291705365435	0.730728013145674	0.450989497749518	0.944380938772594
"B1853"	0.690898049582053	0.999035507608773	0.690862327641637	0.687075801957562	0.688326069872115	0.682824891048082	0.746445666928628	0.691076659284132	0.807958848324641	0.985568336072015	0.968921911838251	0.867435879116954	0.988819032649853	0.990855183253554	0.956562120454383	0.991140958776881	0.919589912124027	0.690683717939559	0.685146817175109	0.849717796670715	0.938915481888976	0.99889261984711	0.690933771522469	0.686932914195899	0.641458884046581	0.715939129813531	0.686182753447167	0.689790669429163	0.689933557190827	0.684861041651783	0.685575480460099	0.682574837465171	0.288418946917197	0.174430235050368	0.908658998356791	0.686004143745088	0	0.371793955847682	0.460348646138458	0.579552761305994	0.572122597699507	0.989926412802743	0.62163320711581
"B1859"	0.979852825605487	0.997463742230478	0.979888547545903	0.976352075444738	0.978102450525113	0.971958276773594	0.801743230692291	0.981710366507109	0.960384368078874	0.985425448310352	0.971065228263199	0.881474601700364	0.990819461313139	0.990855183253554	0.964242337643781	0.993177109380582	0.968814746017004	0.979638493962992	0.976137743802243	0.976280631563907	0.978745445452597	0.997499464170894	0.97999571336715	0.981674644566693	0.948596127741659	0.800957348003144	0.97710223619347	0.971922554833179	0.972065442594842	0.978066728584697	0.977602343359291	0.976173465742659	0.38840465814103	0.281203114953204	0.948774737443738	0.978781167393013	0.371793955847682	0	0.608130313638637	0.708508966207044	0.791526755733371	0.98356790740873	0.658641137386583
"B1866"	0.883510752304065	0.994177323712224	0.885225405444024	0.883332142601986	0.882331928270344	0.87436593555762	0.426162749160534	0.887118668286061	0.849824962491963	0.97863827963135	0.961991855397585	0.837000785882689	0.920482960634422	0.983746517110809	0.948953347145817	0.922947774523112	0.868614703150675	0.882010430806601	0.806458526827177	0.816460670143602	0.922912052582696	0.99353432878474	0.884082303350718	0.879867114381653	0.822283346431378	0.421233121383154	0.863470743730799	0.882153318568265	0.882367650210759	0.874723154961778	0.867971708223191	0.803207830249339	0.550510823747946	0.457740944488105	0.900442952061156	0.813138529684932	0.460348646138458	0.608130313638637	0	0.164678145316854	0.336250625133957	0.916160605844109	0.315174680288633
"B1869"	0.903765092519826	0.991855397585197	0.907515896263485	0.905586911481032	0.904515253268558	0.894548831892548	0.407587340144317	0.909301993284275	0.857898121025934	0.975744802457669	0.937486604272344	0.829034793169965	0.944523826534257	0.982853468600414	0.943166392798457	0.947167250125027	0.869579195541902	0.901478888333214	0.851896835036079	0.859934271629635	0.91351718225334	0.991283846538544	0.905051082374795	0.901978995499035	0.840251482460527	0.398692576980782	0.87172251196685	0.901978995499035	0.902443380724441	0.894727441594627	0.880688719011217	0.845466885761235	0.629706365649782	0.565085375437594	0.875937700935915	0.861291705365435	0.579552761305994	0.708508966207044	0.164678145316854	0	0.384189469171965	0.936950775166107	0.34593127098664
"B2434"	0.809709223405015	0.995106094163035	0.807744516682146	0.805636922197614	0.805565478316782	0.802314781738944	0.45684789597771	0.809352004000857	0.823747945988426	0.983174966064157	0.968171751089519	0.880652997070801	0.929127670215046	0.987854540258627	0.958348217475173	0.931628206044152	0.881581767521612	0.807673072801315	0.739801386011288	0.778631135243266	0.935664785311138	0.994963206401372	0.809352004000857	0.809280560120026	0.759769950703722	0.447810245052511	0.796885046795742	0.738372508394656	0.762199042651997	0.805279702793456	0.798849753518611	0.743552189754948	0.718653997285133	0.603307851682503	0.912195470457955	0.730728013145674	0.572122597699507	0.791526755733371	0.336250625133957	0.384189469171965	0	0.887011502464814	0.478924055154676
"B2438"	0.985032506965778	0.986747160105737	0.993998714010145	0.993712938486819	0.986354218761163	0.986139887118668	0.970922340501536	0.995749089090519	0.93709366292777	0.99353432878474	0.994034435950561	0.985746945774094	0.668178895477602	0.993605772665571	0.988247481603201	0.447953132814174	0.777880974494535	0.980031435307566	0.740265771236694	0.507144388083161	0.807923126384225	0.986782882046153	0.990712295491891	0.987675930556548	0.974280202900622	0.990855183253554	0.792634135886261	0.940701578909766	0.94663142101879	0.976816460670144	0.810387940272916	0.771951132385511	0.941558905479746	0.967242980638708	0.992355504751018	0.450989497749518	0.989926412802743	0.98356790740873	0.916160605844109	0.936950775166107	0.887011502464814	0	0.841573194255912
"B2442"	0.976173465742659	0.999071229549189	0.976102021861827	0.971672501250268	0.967207258698292	0.966457097949561	0.324462384796742	0.976102021861827	0.943952275487605	0.984568121740373	0.970386511395299	0.871829677788098	0.976923626491391	0.98978352504108	0.956312066871472	0.979174108737587	0.948774737443738	0.974494534543116	0.954311638208187	0.946274201614632	0.959848538972637	0.998606844323784	0.976352075444738	0.968100307208688	0.921125955561906	0.3248196042009	0.958026720011431	0.97488747588769	0.975137529470601	0.967671643923698	0.958705436879331	0.956740730156462	0.706901478888333	0.614238765449739	0.944666714295921	0.944380938772594	0.62163320711581	0.658641137386583	0.315174680288633	0.34593127098664	0.478924055154676	0.841573194255912	0
