""	"B1435"	"B1817"	"B1821"	"B1828"	"B2424"	"B0420"	"B0421"	"B0423"	"B0425"	"B0428"	"B0620"	"B3821"	"B4025"
"B1435"	0	0.399692791312424	0.499714224476674	0.491819675644781	0.148031721083089	0.621311709652068	0.609702079016932	0.590626562834893	0.533185682646281	0.578123883689362	0.901800385796993	0.919268414660284	0.451612080107411
"B1817"	0.399692791312424	0	0.464135171822533	0.509180538686861	0.527255840537258	0.991391012359791	0.975744802457669	0.95241837536615	0.894370222190469	0.952775594770308	0.647293467648219	0.846252768450382	0.527643678733046
"B1821"	0.499714224476674	0.464135171822533	0	0.0466528541830392	0.364220904479531	0.992212616989355	0.982674858898335	0.976780738729728	0.976637850968065	0.984961063084947	0.978626372318012	0.985032506965778	0.31948172574176
"B1828"	0.491819675644781	0.509180538686861	0.0466528541830392	0	0.356862184753876	0.985139672787026	0.976959348431807	0.967528756162035	0.968064585268272	0.977280845895549	0.976173465742427	0.984389512038294	0.31295992004859
"B2424"	0.148031721083089	0.527255840537258	0.364220904479531	0.356862184753876	0	0.633135671929699	0.634421661784668	0.632135457598057	0.632635564763878	0.633885832678431	0.996523064466174	0.996034864613846	0.304177425738184
"B0420"	0.621311709652068	0.991391012359791	0.992212616989355	0.985139672787026	0.633135671929699	0	0.0191826820032864	0.0547260127170108	0.161998999785668	0.0640137172251197	0.992355504750988	0.991605344002286	0.936955878283063
"B0421"	0.609702079016932	0.975744802457669	0.982674858898335	0.976959348431807	0.634421661784668	0.0191826820032864	0	0.0448310352218333	0.146281346002715	0.0509394870329356	0.97738801171692	0.980638708294635	0.935889323205014
"B0423"	0.590626562834893	0.95241837536615	0.976780738729728	0.967528756162035	0.632135457598057	0.0547260127170108	0.0448310352218333	0	0.13074230192184	0.0318996927913124	0.973577671405499	0.960527255840537	0.935006480963256
"B0425"	0.533185682646281	0.894370222190469	0.976637850968065	0.968064585268272	0.632635564763878	0.161998999785668	0.146281346002715	0.13074230192184	0	0.144495248981925	0.894120168607386	0.953704365221119	0.935613753950343
"B0428"	0.578123883689362	0.952775594770308	0.984961063084947	0.977280845895549	0.633885832678431	0.0640137172251197	0.0509394870329356	0.0318996927913124	0.144495248981925	0	0.979293181872488	0.952382653425734	0.935874013801963
"B0620"	0.901800385796993	0.647293467648219	0.978626372318012	0.976173465742427	0.996523064466174	0.992355504750988	0.97738801171692	0.973577671405499	0.894120168607386	0.979293181872488	0	0.955407111047614	0.998094829844481
"B3821"	0.919268414660284	0.846252768450382	0.985032506965778	0.984389512038294	0.996034864613846	0.991605344002286	0.980638708294635	0.960527255840537	0.953704365221119	0.952382653425734	0.955407111047614	0	0.999040610743058
"B4025"	0.451612080107411	0.527643678733046	0.31948172574176	0.31295992004859	0.304177425738184	0.936955878283063	0.935889323205014	0.935006480963256	0.935613753950343	0.935874013801963	0.998094829844481	0.999040610743058	0
