""	"B0411"	"B0413"	"B0415"	"B0619"	"B3818"	"B4021"	"B0402"	"B0603"	"B3802"	"B4002"	"B0408"	"B0604"	"B0605"	"B0607"	"B3804"	"B3807"	"B4004"	"B4007"	"B0430"	"B0431"	"B0436"	"B0622"	"B3828"	"B4028"	"B0410"	"B0610"	"B0614"	"B3810"	"B3813"	"B3815"	"B4014"	"B0420"	"B0421"	"B0423"	"B0425"	"B0428"	"B0620"	"B3821"	"B4025"	"B0442"	"B0450"	"B0457"	"B0461"	"B3835"	"B3839"	"B3842"	"B3849"
"B0411"	0	0.927127241551761	0.928448953347146	0.997856683575052	0.698739015503322	0.0819104093734372	0.982853468600414	0.865578338215332	0.858005286847182	0.982782024719583	0.0484389512038294	0.997678073872973	0.99089090519397	0.992176895048939	0.963527898835465	0.999106951489605	0.0731942559119811	0.879224119454169	0.927413017075087	0.89972851325284	0.308994784596699	0.997892405515468	0.110880903050654	0.496534971779667	0.0370436522111881	0.950560834464528	0.997820961634636	0.998499678502536	0.998714010145031	0.401193112809888	0.780274344502393	0.927805958419661	0.92798456812174	0.927055797670929	0.927591626777167	0.927913124240909	0.997856683575018	0.99778523969422	0.317409853197579	0.410945202543402	0.279667071515325	0.423162106165607	0.758805458312496	0.512645566907194	0.197363720797314	0.179538472529828	0.354790312209759
"B0413"	0.927127241551761	0	0.311673930127885	0.692505536900764	0.976369936414946	0.989569193398585	0.99089090519397	0.979031220975923	0.973815817675216	0.985711223833679	0.962813460027149	0.98731871115239	0.985246838608273	0.986175609059084	0.985996999357005	0.988604701007359	0.998178181038794	0.994177323712224	0.634564549546331	0.63670786597128	0.72719154104451	0.695506179895692	0.982460527255841	0.997428020290062	0.962670572265485	0.985282560548689	0.692362649139101	0.987604486675716	0.997035078945488	0.997999571336715	0.969600628706151	0.308030292205473	0.294241623204972	0.294384510966636	0.215617632349789	0.298242480531542	0.692874663618643	0.955561906122741	0.994019126547327	0.524648138886904	0.90305065371151	0.853540044295206	0.980174323069229	0.633921554618847	0.761448881903265	0.969029077659498	0.908730442237622
"B0415"	0.928448953347146	0.311673930127885	0	0.99046224190898	0.992998499678503	0.984853897263699	0.952346931485318	0.95020361506037	0.948131742516253	0.95241837536615	0.969207687361577	0.956240622990641	0.955883403586483	0.95641923269272	0.952632707008645	0.977245123955133	0.993498606844324	0.988640422947775	0.649496320640137	0.637458026720011	0.720440094305923	0.995499035507609	0.979888547545903	0.992641280274345	0.964813888690434	0.954454525969851	0.991533900121455	0.971136672144031	0.998321068800457	0.993891548188898	0.96910052154033	0.0450810888047439	0.0389369150532257	0.0498678288204615	0.155747660212903	0.0665856969350575	0.992093543854617	0.997606629992141	0.989283417874932	0.528220332928485	0.954168750446524	0.855254697435165	0.980245766950061	0.633278559691362	0.758555404729585	0.975208973351432	0.990783739372723
"B0619"	0.997856683575052	0.692505536900764	0.99046224190898	0	0.976977209402015	0.9993212831321	0.988711866828606	0.98178181038794	0.977888118882618	0.982103307851683	0.992141173108523	0.982460527255841	0.981888976209188	0.981960420090019	0.982031863970851	0.983174966064157	0.999035507608773	0.994070157890977	0.983960848753304	0.998071015217547	0.971136672144031	0.0102521968993356	0.994748874758877	0.999428448953347	0.996999357005072	0.981746088447524	0.00517968136029149	0.982424805315425	0.996927913124241	0.998571122383368	0.992855611916839	0.992534114453097	0.977316567835965	0.971958276773594	0.892191183825105	0.979745659784239	0.00341739896668679	0.955561906122741	0.999341695669445	0.990426519968565	0.947631635350432	0.997177966707152	0.999392727012931	0.998285346860041	0.998106737157962	0.96842180467243	0.915088947631635
"B3818"	0.698739015503322	0.976369936414946	0.992998499678503	0.976977209402015	0	0.649353432878474	0.96731442451954	0.870793741516039	0.860898764020862	0.938486818603987	0.69330928056012	0.992462670572265	0.989801386011288	0.988515396156319	0.946327784525255	0.521058083875116	0.6620704436665	0.708330356504965	0.98153175680503	0.969386297063657	0.68564692434093	0.977245123955133	0.593734371651068	0.500357219404158	0.69731013788669	0.944898906908623	0.977030792312638	0.520522254768879	0.521308137458027	0.499303422161892	0.599074801743231	0.99242694863185	0.981603200685861	0.962349074801743	0.975119668500393	0.955151103807959	0.976965302088571	0.499303422161892	0.500094407970077	0.697149389154819	0.587072229763521	0.696434950346503	0.776737872401229	0.510002143316425	0.670715153247124	0.681324569550618	0.617846681431735
"B4021"	0.0819104093734372	0.989569193398585	0.984853897263699	0.9993212831321	0.649353432878474	0	0.967600200042866	0.864006572837037	0.857898121025934	0.951596770736586	0.0878759734228763	0.992105451168107	0.98978352504108	0.989926412802743	0.947274415946274	0.998964063727942	0.0502964921054512	0.817710938058155	0.976816460670144	0.948524683860827	0.37018646852897	0.9993212831321	0.0627991712509823	0.4317353718654	0.0789097663785097	0.945881260270058	0.999357005072516	0.997928127455883	0.999178395370437	0.351289562049011	0.742873472887047	0.98867614488819	0.989426305636922	0.988104593841537	0.988747588769022	0.989997856683575	0.999321283132065	0.998928341787526	0.246705926842843	0.472708437522326	0.288097449453454	0.469422019004072	0.756376366364221	0.523040651568193	0.232299778523969	0.166678573980139	0.28966921483175
"B0402"	0.982853468600414	0.99089090519397	0.952346931485318	0.988711866828606	0.96731442451954	0.967600200042866	0	0.528720440094306	0.5393298563978	0.478423947988855	0.982174751732514	0.319854254483104	0.483103522183325	0.488961920411517	0.476316353504322	0.970422233335715	0.968350360791598	0.96263485032507	0.996570693720083	0.981960420090019	0.935093234264485	0.994141601771808	0.965635493319997	0.967600200042866	0.983103522183325	0.522147603057798	0.989283417875259	0.948488961920412	0.997749517753804	0.968779024076588	0.965814103022076	0.996284918196756	0.990783739372723	0.980960205758377	0.97888833321426	0.993998714010145	0.990509871162828	0.996642137600914	0.967538962429707	0.976280631563907	0.979209830678002	0.981603200685861	0.980888761877545	0.966278488247482	0.970422233335715	0.959491319568479	0.966278488247482
"B0603"	0.865578338215332	0.979031220975923	0.95020361506037	0.98178181038794	0.870793741516039	0.864006572837037	0.528720440094306	0	0.0557976709294849	0.159319854254483	0.865006787168679	0.473494320211474	0.143423590769451	0.150317925269701	0.150710866614274	0.95463313567193	0.873044223762235	0.872901336000572	0.988318925484032	0.957740944488105	0.784703865113953	0.990998071015218	0.860684432378367	0.870579409873544	0.865614060155748	0.143816532114024	0.981924698149603	0.911159534185897	0.996820747302994	0.873151389583482	0.862113309994999	0.988211759662785	0.98356790740873	0.962849181967565	0.959705651210974	0.986175609059084	0.98484198995	0.994605986997214	0.867395054038064	0.856862184753876	0.861684646710009	0.858684003715082	0.858648281774666	0.861148817603772	0.865399728513253	0.833178538258198	0.867935986282775
"B3802"	0.858005286847182	0.973815817675216	0.948131742516253	0.977888118882618	0.860898764020862	0.857898121025934	0.5393298563978	0.0557976709294849	0	0.17050082160463	0.854933199971422	0.482853468600414	0.148174608844752	0.145852682717725	0.149853540044295	0.953918696863614	0.867471601057369	0.872365506894334	0.982782024719583	0.9599914267343	0.774844609559191	0.987175823390727	0.853397156533543	0.865542616274916	0.856540687290134	0.126527112952776	0.978102450525113	0.910445095377581	0.995927698792598	0.867221547474459	0.851968278916911	0.982531971136672	0.978352504108023	0.957062227620204	0.953740087161535	0.980352932771308	0.980984020385061	0.990283632206902	0.86214392879678	0.849646352789884	0.851503893691505	0.855790526541402	0.85793384296635	0.853361434593127	0.857183682217618	0.824069443452168	0.858576837893834
"B4002"	0.982782024719583	0.985711223833679	0.95241837536615	0.982103307851683	0.938486818603987	0.951596770736586	0.478423947988855	0.159319854254483	0.17050082160463	0	0.982281917553761	0.443345002500536	0.0874830320783025	0.0994856040580124	0.0869114810316496	0.953990140744445	0.96177752375509	0.932592698435379	0.989819246981496	0.975530470815175	0.899264128027434	0.991391012359791	0.935879116953633	0.938272486961492	0.982424805315425	0.129420590126456	0.982103307851683	0.910337929556334	0.99667785954133	0.941487461598914	0.935664785311138	0.994534543116382	0.990140744445238	0.968886189897835	0.963527898835465	0.990069300564407	0.985199209354123	0.994320211473887	0.935792363667753	0.971958276773594	0.975530470815175	0.974030149317711	0.973851539615632	0.936664999642781	0.968921911838251	0.945809816389226	0.945023933700079
"B0408"	0.0484389512038294	0.962813460027149	0.969207687361577	0.992141173108523	0.69330928056012	0.0878759734228763	0.982174751732514	0.865006787168679	0.854933199971422	0.982281917553761	0	0.997356576409231	0.990283632206902	0.991676787883118	0.963099235550475	0.998928341787526	0.0475459026934343	0.878866900050011	0.963385011073801	0.941416017718082	0.34482389083375	0.992069729227692	0.116203472172608	0.497499464170894	0.0182539115524755	0.950310780881617	0.992069729227692	0.998178181038794	0.998714010145031	0.401050225048225	0.777059369864971	0.965706937200829	0.963456454954633	0.962777738086733	0.963277845252554	0.963777952418375	0.992105451168113	0.992355504751018	0.318287592305058	0.452561263127813	0.287954561691791	0.465171108094592	0.759055511895406	0.555083232121169	0.239908551832536	0.178216760734443	0.355433307137244
"B0604"	0.997678073872973	0.98731871115239	0.956240622990641	0.982460527255841	0.992462670572265	0.992105451168107	0.319854254483104	0.473494320211474	0.482853468600414	0.443345002500536	0.997356576409231	0	0.424626705722655	0.428699006930056	0.450096449239123	0.956847895977709	0.994570265056798	0.989069086232764	0.996570693720083	0.997820961634636	0.932128313209974	0.991498178181039	0.990998071015218	0.992319782810602	0.99753518611131	0.461063084946774	0.982746302779167	0.927948846181325	0.997070800885904	0.995034650282203	0.992391226691434	0.994605986997214	0.990426519968565	0.970350789454883	0.967814531685361	0.993820104308066	0.985437355623609	0.994856040580124	0.992227926392132	0.989497749517754	0.991926841466028	0.994498821175966	0.994498821175966	0.991391012359791	0.995177538043867	0.961420304350932	0.990319354147317
"B0605"	0.99089090519397	0.985246838608273	0.955883403586483	0.981888976209188	0.989801386011288	0.98978352504108	0.483103522183325	0.143423590769451	0.148174608844752	0.0874830320783025	0.990283632206902	0.424626705722655	0	0.0343287847395871	0.080124312352647	0.954454525969851	0.991926841466028	0.986389940701579	0.994570265056798	0.990283632206902	0.909837822390512	0.991248124598128	0.986282774880331	0.990676573551475	0.990748017432307	0.0980567264413803	0.982139029792098	0.910659427020076	0.996927913124241	0.992391226691434	0.987640208616132	0.994355933414303	0.98978352504108	0.968779024076588	0.965635493319997	0.992212616989355	0.985008692338548	0.994713152818461	0.989564090263845	0.982567693077088	0.987032935629063	0.988890476530685	0.988819032649853	0.987140101450311	0.990605129670644	0.954740301493177	0.987890262199043
"B0607"	0.992176895048939	0.986175609059084	0.95641923269272	0.981960420090019	0.988515396156319	0.989926412802743	0.488961920411517	0.150317925269701	0.145852682717725	0.0994856040580124	0.991676787883118	0.428699006930056	0.0343287847395871	0	0.0778381081660356	0.953311423876545	0.99156962206187	0.985961277416589	0.994534543116382	0.991069514896049	0.910766592841323	0.991283846538544	0.986961491748232	0.989640637279417	0.991748231763949	0.0956990783739373	0.98221047367293	0.909480602986354	0.99599914267343	0.992105451168107	0.988461813245695	0.994570265056798	0.990390798028149	0.968243194970351	0.965171108094592	0.992069729227692	0.985044414278964	0.99378438236765	0.989686565488147	0.983496463527899	0.986604272344074	0.988783310709438	0.989319139815675	0.987354433092806	0.991212402657712	0.955026077016504	0.98799742802029
"B3804"	0.963527898835465	0.985996999357005	0.952632707008645	0.982031863970851	0.946327784525255	0.947274415946274	0.476316353504322	0.150710866614274	0.149853540044295	0.0869114810316496	0.963099235550475	0.450096449239123	0.080124312352647	0.0778381081660356	0	0.954383082089019	0.948596127741659	0.943059226977209	0.995499035507609	0.969493462884904	0.882046152747017	0.99131956847896	0.943845109666357	0.947095806244195	0.963242123312138	0.0812674144459527	0.982139029792098	0.909373437165107	0.996785025362578	0.949024791026649	0.945559762806316	0.99489176252054	0.990390798028149	0.969386297063657	0.965921268843324	0.992748446095592	0.985127765473291	0.994605986997214	0.946947815346489	0.955276130599414	0.959777095091805	0.962063299278417	0.962099021218833	0.944559548474673	0.951060941630349	0.927162963492177	0.945273987282989
"B3807"	0.999106951489605	0.988604701007359	0.977245123955133	0.983174966064157	0.521058083875116	0.998964063727942	0.970422233335715	0.95463313567193	0.953918696863614	0.953990140744445	0.998928341787526	0.956847895977709	0.954454525969851	0.953311423876545	0.954383082089019	0	0.998749732085447	0.993248553261413	0.99599914267343	0.999178395370437	0.956669286275631	0.99199828534686	0.994998928341787	0.999285561191684	0.998535400442952	0.953490033578624	0.983925126812888	0.0636207758805458	0.0452954204472387	0.999249839251268	0.996892191183825	0.996320640137172	0.993248553261413	0.95063227834536	0.968243194970351	0.968528970493677	0.986068443237668	0.169929270557977	0.999132467161294	0.991533900121455	0.9055154676002	0.997463742230478	0.999071229549189	0.999142673430021	0.999499892834179	0.966028434664571	0.997285132528399
"B4004"	0.0731942559119811	0.998178181038794	0.993498606844324	0.999035507608773	0.6620704436665	0.0502964921054512	0.968350360791598	0.873044223762235	0.867471601057369	0.96177752375509	0.0475459026934343	0.994570265056798	0.991926841466028	0.99156962206187	0.948596127741659	0.998749732085447	0	0.841215974851754	0.999035507608773	0.971493891548189	0.379545616917911	0.999071229549189	0.0849467743087804	0.460598699721369	0.0404015146102736	0.948203186397085	0.998999785668357	0.998606844323784	0.9993212831321	0.363827963134957	0.766128456097735	0.998964063727942	0.999035507608773	0.998106737157962	0.998749732085447	0.998928341787526	0.999011692981818	0.999214117310852	0.284724277716228	0.482389083375009	0.323783667928842	0.496106308494677	0.777023647924555	0.54715296134886	0.242373365721226	0.183932271200972	0.317317996713581
"B4007"	0.879224119454169	0.994177323712224	0.988640422947775	0.994070157890977	0.708330356504965	0.817710938058155	0.96263485032507	0.872901336000572	0.872365506894334	0.932592698435379	0.878866900050011	0.989069086232764	0.986389940701579	0.985961277416589	0.943059226977209	0.993248553261413	0.841215974851754	0	0.693720082874902	0.666857183682218	0.872365506894334	0.995641923269272	0.781203114953204	0.561870400800171	0.879581338858327	0.941987568764735	0.994034435950561	0.992998499678503	0.998356790740873	0.571479602772023	0.308923340715868	0.997963849396299	0.995856254911767	0.992998499678503	0.993427162963492	0.996642137600914	0.994201138339184	0.997749517753804	0.667505281727783	0.875151818246767	0.801207401586054	0.868114595984854	0.876080588697578	0.720225762663428	0.851503893691505	0.87282989211974	0.819818532542688
"B0430"	0.927413017075087	0.634564549546331	0.649496320640137	0.983960848753304	0.98153175680503	0.976816460670144	0.996570693720083	0.988318925484032	0.982782024719583	0.989819246981496	0.963385011073801	0.996570693720083	0.994570265056798	0.994534543116382	0.995499035507609	0.99599914267343	0.999035507608773	0.693720082874902	0	0.105236836464957	0.733049939272701	0.983925126812888	0.984032292634136	0.99753518611131	0.962241908980496	0.992855611916839	0.983925126812888	0.995248981924698	0.995784811030935	0.998749732085447	0.96867185825534	0.642816317782382	0.635493319997142	0.635064656712153	0.630706579981425	0.626812888476102	0.98393703412636	0.979852825605487	0.988655732349407	0.644781024505251	0.855861970422233	0.838322497678074	0.977173680074302	0.647710223619347	0.760913052797028	0.97488747588769	0.977745231120954
"B0431"	0.89972851325284	0.63670786597128	0.637458026720011	0.998071015217547	0.969386297063657	0.948524683860827	0.981960420090019	0.957740944488105	0.9599914267343	0.975530470815175	0.941416017718082	0.997820961634636	0.990283632206902	0.991069514896049	0.969493462884904	0.999178395370437	0.971493891548189	0.666857183682218	0.105236836464957	0	0.719475601914696	0.998071015217547	0.958312495534758	0.968314638851182	0.936164892476959	0.968136029149103	0.997928127455883	0.998285346860041	0.99889261984711	0.970815174680289	0.945059655640494	0.637493748660427	0.637422304779596	0.636600700150032	0.637029363435022	0.636600700150032	0.998035293277097	0.997320854468815	0.95977199195519	0.60870186468529	0.847753089947846	0.754375937700936	0.890833750089305	0.608237479459884	0.733085661213117	0.96484961063085	0.966671429592055
"B0436"	0.308994784596699	0.72719154104451	0.720440094305923	0.971136672144031	0.68564692434093	0.37018646852897	0.935093234264485	0.784703865113953	0.774844609559191	0.899264128027434	0.34482389083375	0.932128313209974	0.909837822390512	0.910766592841323	0.882046152747017	0.956669286275631	0.379545616917911	0.872365506894334	0.733049939272701	0.719475601914696	0	0.979924269486318	0.362970636564978	0.496606415660499	0.344323783667929	0.86815031792527	0.97156533542902	0.922411945416875	0.996534971779667	0.400621561763235	0.774308780452954	0.742837750946631	0.732049724941059	0.711366721440309	0.67185825534043	0.729549189111953	0.973994427377136	0.983032078302493	0.375723369259017	0.218189612059727	0.323140673001357	0.350003572194042	0.757948131742516	0.334035864828177	0.143030649424877	0.329284846752876	0.365006787168679
"B0622"	0.997892405515468	0.695506179895692	0.995499035507609	0.0102521968993356	0.977245123955133	0.9993212831321	0.994141601771808	0.990998071015218	0.987175823390727	0.991391012359791	0.992069729227692	0.991498178181039	0.991248124598128	0.991283846538544	0.99131956847896	0.99199828534686	0.999071229549189	0.995641923269272	0.983925126812888	0.998071015217547	0.979924269486318	0	0.995070372222619	0.999392727012931	0.996999357005072	0.990569407730228	0.0113238551118097	0.991140958776881	0.997070800885904	0.998642566264199	0.993141387440166	0.992605558333929	0.979602772022576	0.980352932771308	0.900300064299493	0.981138815460456	0.00683479793264128	0.956097735228978	0.999341695669445	0.992391226691434	0.947881688933343	0.997177966707152	0.999535614774595	0.998321068800457	0.998071015217547	0.976709294848896	0.915267557333714
"B3828"	0.110880903050654	0.982460527255841	0.979888547545903	0.994748874758877	0.593734371651068	0.0627991712509823	0.965635493319997	0.860684432378367	0.853397156533543	0.935879116953633	0.116203472172608	0.990998071015218	0.986282774880331	0.986961491748232	0.943845109666357	0.994998928341787	0.0849467743087804	0.781203114953204	0.984032292634136	0.958312495534758	0.362970636564978	0.995070372222619	0	0.392441237408016	0.11116667857398	0.942523397870972	0.994820318639709	0.994498821175966	0.99753518611131	0.298099592769879	0.687397299421305	0.985461170250768	0.985711223833679	0.982174751732514	0.982746302779167	0.984568121740373	0.994736967445385	0.994998928341787	0.21313240598642	0.466099878545403	0.308101736086304	0.482924912481246	0.764628134600271	0.467635921983282	0.229263413588626	0.173322854897478	0.293134243052083
"B4028"	0.496534971779667	0.997428020290062	0.992641280274345	0.999428448953347	0.500357219404158	0.4317353718654	0.967600200042866	0.870579409873544	0.865542616274916	0.938272486961492	0.497499464170894	0.992319782810602	0.990676573551475	0.989640637279417	0.947095806244195	0.999285561191684	0.460598699721369	0.561870400800171	0.99753518611131	0.968314638851182	0.496606415660499	0.999392727012931	0.392441237408016	0	0.496856469243409	0.947060084303779	0.999106951489605	0.998321068800457	0.999607058655426	0.107701650353647	0.405694077302279	0.996820747302994	0.997285132528399	0.996284918196756	0.996856469243409	0.998285346860041	0.999416541639852	0.999535614774595	0.18502944503575	0.49642780595842	0.472458383939416	0.49446309923555	0.765985568336072	0.377152246910052	0.467957419447024	0.405193970136458	0.343144959634207
"B0410"	0.0370436522111881	0.962670572265485	0.964813888690434	0.996999357005072	0.69731013788669	0.0789097663785097	0.983103522183325	0.865614060155748	0.856540687290134	0.982424805315425	0.0182539115524755	0.99753518611131	0.990748017432307	0.991748231763949	0.963242123312138	0.998535400442952	0.0404015146102736	0.879581338858327	0.962241908980496	0.936164892476959	0.344323783667929	0.996999357005072	0.11116667857398	0.496856469243409	0	0.950239337000786	0.996927913124241	0.997999571336715	0.998178181038794	0.401407444452383	0.779417017932414	0.96263485032507	0.963456454954633	0.961884689576338	0.962420518682575	0.96263485032507	0.996987449691579	0.996213474315925	0.31767521618337	0.447488747588769	0.286239908551833	0.458526827177252	0.759091233835822	0.54936772165464	0.234050153604344	0.178824033721512	0.348360362934915
"B0610"	0.950560834464528	0.985282560548689	0.954454525969851	0.981746088447524	0.944898906908623	0.945881260270058	0.522147603057798	0.143816532114024	0.126527112952776	0.129420590126456	0.950310780881617	0.461063084946774	0.0980567264413803	0.0956990783739373	0.0812674144459527	0.953490033578624	0.948203186397085	0.941987568764735	0.992855611916839	0.968136029149103	0.86815031792527	0.990569407730228	0.942523397870972	0.947060084303779	0.950239337000786	0	0.981888976209188	0.906837179395585	0.995891976852183	0.948453239979996	0.94373794384511	0.993962992069729	0.989819246981496	0.96774308780453	0.963849396299207	0.991176680717297	0.984687194874842	0.99353432878474	0.94600883862702	0.942559119811388	0.9455240408659	0.948310352218332	0.949274844609559	0.943452168321783	0.946738586840037	0.914124455240409	0.944202329070515
"B0614"	0.997820961634636	0.692362649139101	0.991533900121455	0.00517968136029149	0.977030792312638	0.999357005072516	0.989283417875259	0.981924698149603	0.978102450525113	0.982103307851683	0.992069729227692	0.982746302779167	0.982139029792098	0.98221047367293	0.982139029792098	0.983925126812888	0.998999785668357	0.994034435950561	0.983925126812888	0.997928127455883	0.97156533542902	0.0113238551118097	0.994820318639709	0.999106951489605	0.996927913124241	0.981888976209188	0	0.982924912481246	0.997035078945488	0.998571122383368	0.992855611916839	0.992569836393513	0.978031006644281	0.972565549760663	0.893012788454669	0.979852825605487	0.00627515419912736	0.955633350003572	0.999091642086526	0.990497963849396	0.947560191469601	0.996785025362578	0.999249839251268	0.998285346860041	0.998071015217547	0.969279131242409	0.915088947631635
"B3810"	0.998499678502536	0.987604486675716	0.971136672144031	0.982424805315425	0.520522254768879	0.997928127455883	0.948488961920412	0.911159534185897	0.910445095377581	0.910337929556334	0.998178181038794	0.927948846181325	0.910659427020076	0.909480602986354	0.909373437165107	0.0636207758805458	0.998606844323784	0.992998499678503	0.995248981924698	0.998285346860041	0.922411945416875	0.991140958776881	0.994498821175966	0.998321068800457	0.997999571336715	0.906837179395585	0.982924912481246	0	0.10580838751161	0.998642566264199	0.996249196256341	0.995141816103451	0.991176680717297	0.948274630277917	0.965849824962492	0.967493034221619	0.985318282488937	0.230192184039437	0.998152665366987	0.990069300564407	0.904229477745231	0.996177752375509	0.998071015217547	0.997678073872973	0.998535400442952	0.963027791669643	0.995749089090519
"B3813"	0.998714010145031	0.997035078945488	0.998321068800457	0.996927913124241	0.521308137458027	0.999178395370437	0.997749517753804	0.996820747302994	0.995927698792598	0.99667785954133	0.998714010145031	0.997070800885904	0.996927913124241	0.99599914267343	0.996785025362578	0.0452954204472387	0.9993212831321	0.998356790740873	0.995784811030935	0.99889261984711	0.996534971779667	0.997070800885904	0.99753518611131	0.999607058655426	0.998178181038794	0.995891976852183	0.997035078945488	0.10580838751161	0	0.99889261984711	0.997713795813389	0.996534971779667	0.997999571336715	0.973922983496464	0.995106094163035	0.971243837965278	0.996963635064623	0.128634707437308	0.999423345818944	0.996999357005072	0.906587125812674	0.997142244766736	0.99957133671501	0.999035507608773	0.999106951489605	0.996856469243409	0.997570908051725
"B3815"	0.401193112809888	0.997999571336715	0.993891548188898	0.998571122383368	0.499303422161892	0.351289562049011	0.968779024076588	0.873151389583482	0.867221547474459	0.941487461598914	0.401050225048225	0.995034650282203	0.992391226691434	0.992105451168107	0.949024791026649	0.999249839251268	0.363827963134957	0.571479602772023	0.998749732085447	0.970815174680289	0.400621561763235	0.998642566264199	0.298099592769879	0.107701650353647	0.401407444452383	0.948453239979996	0.998571122383368	0.998642566264199	0.99889261984711	0	0.415946274201615	0.998821175966279	0.998856897906694	0.997928127455883	0.998499678502536	0.998714010145031	0.998583029696829	0.998606844323784	0.151394686581554	0.482103307851682	0.401264556690719	0.495463313567193	0.777023647924555	0.382581981853254	0.373151389583482	0.400121454597414	0.341144530970922
"B4014"	0.780274344502393	0.969600628706151	0.96910052154033	0.992855611916839	0.599074801743231	0.742873472887047	0.965814103022076	0.862113309994999	0.851968278916911	0.935664785311138	0.777059369864971	0.992391226691434	0.987640208616132	0.988461813245695	0.945559762806316	0.996892191183825	0.766128456097735	0.308923340715868	0.96867185825534	0.945059655640494	0.774308780452954	0.993141387440166	0.687397299421305	0.405694077302279	0.779417017932414	0.94373794384511	0.992855611916839	0.996249196256341	0.997713795813389	0.415946274201615	0	0.970850896620704	0.970493677216546	0.969171965421162	0.969672072586983	0.970386511395299	0.992879426543764	0.993212831320997	0.547260127147234	0.778916910766593	0.773772951346717	0.777202257626634	0.784382367650211	0.578302493391441	0.752339787097235	0.793062799171251	0.737265128241766
"B0420"	0.927805958419661	0.308030292205473	0.0450810888047439	0.992534114453097	0.99242694863185	0.98867614488819	0.996284918196756	0.988211759662785	0.982531971136672	0.994534543116382	0.965706937200829	0.994605986997214	0.994355933414303	0.994570265056798	0.99489176252054	0.996320640137172	0.998964063727942	0.997963849396299	0.642816317782382	0.637493748660427	0.742837750946631	0.992605558333929	0.985461170250768	0.996820747302994	0.96263485032507	0.993962992069729	0.992569836393513	0.995141816103451	0.996534971779667	0.998821175966279	0.970850896620704	0	0.0193970136457812	0.0547617346574266	0.162177609487747	0.0642637708080303	0.992522207139607	0.992069729227692	0.993330203410706	0.530149317710938	0.947202972065443	0.852111166678574	0.97956705008216	0.635386154175895	0.762199042651997	0.986389940701579	0.989140530113596
"B0421"	0.92798456812174	0.294241623204972	0.0389369150532257	0.977316567835965	0.981603200685861	0.989426305636922	0.990783739372723	0.98356790740873	0.978352504108023	0.990140744445238	0.963456454954633	0.990426519968565	0.98978352504108	0.990390798028149	0.990390798028149	0.993248553261413	0.999035507608773	0.995856254911767	0.635493319997142	0.637422304779596	0.732049724941059	0.979602772022576	0.985711223833679	0.997285132528399	0.963456454954633	0.989819246981496	0.978031006644281	0.991176680717297	0.997999571336715	0.998856897906694	0.970493677216546	0.0193970136457812	0	0.0461884689576338	0.147531613917268	0.0512967064370937	0.977804767688449	0.980888761877545	0.993855826248294	0.529256269200543	0.936200614417375	0.853432878473959	0.97999571336715	0.635278988354647	0.762199042651997	0.974280202900622	0.977888118882618
"B0423"	0.927055797670929	0.294384510966636	0.0498678288204615	0.971958276773594	0.962349074801743	0.988104593841537	0.980960205758377	0.962849181967565	0.957062227620204	0.968886189897835	0.962777738086733	0.970350789454883	0.968779024076588	0.968243194970351	0.969386297063657	0.95063227834536	0.998106737157962	0.992998499678503	0.635064656712153	0.636600700150032	0.711366721440309	0.980352932771308	0.982174751732514	0.996284918196756	0.961884689576338	0.96774308780453	0.972565549760663	0.948274630277917	0.973922983496464	0.997928127455883	0.969171965421162	0.0547617346574266	0.0461884689576338	0	0.132171179538473	0.0326141315996285	0.974518349169734	0.961063084946774	0.992758652364035	0.523826534257341	0.917553761520326	0.850753732942773	0.97888833321426	0.635993427162963	0.761377438022433	0.956776452096878	0.98153175680503
"B0425"	0.927591626777167	0.215617632349789	0.155747660212903	0.892191183825105	0.975119668500393	0.988747588769022	0.97888833321426	0.959705651210974	0.953740087161535	0.963527898835465	0.963277845252554	0.967814531685361	0.965635493319997	0.965171108094592	0.965921268843324	0.968243194970351	0.998749732085447	0.993427162963492	0.630706579981425	0.637029363435022	0.67185825534043	0.900300064299493	0.982746302779167	0.996856469243409	0.962420518682575	0.963849396299207	0.893012788454669	0.965849824962492	0.995106094163035	0.998499678502536	0.969672072586983	0.162177609487747	0.147531613917268	0.132171179538473	0	0.145852682717725	0.894739348907986	0.953918696863614	0.993365925351123	0.518146745731228	0.90194327355862	0.851432449810674	0.979531328141745	0.636564978209616	0.761948989069086	0.951811102379081	0.911230978066729
"B0428"	0.927913124240909	0.298242480531542	0.0665856969350575	0.979745659784239	0.955151103807959	0.989997856683575	0.993998714010145	0.986175609059084	0.980352932771308	0.990069300564407	0.963777952418375	0.993820104308066	0.992212616989355	0.992069729227692	0.992748446095592	0.968528970493677	0.998928341787526	0.996642137600914	0.626812888476102	0.636600700150032	0.729549189111953	0.981138815460456	0.984568121740373	0.998285346860041	0.96263485032507	0.991176680717297	0.979852825605487	0.967493034221619	0.971243837965278	0.998714010145031	0.970386511395299	0.0642637708080303	0.0512967064370937	0.0326141315996285	0.145852682717725	0	0.979983806053776	0.952918482531971	0.994733565355665	0.525541187397299	0.893977280845896	0.852575551903979	0.981067371579624	0.637600914481675	0.762127598771165	0.9717439451311	0.976280631563907
"B0620"	0.997856683575018	0.692874663618643	0.992093543854617	0.00341739896668679	0.976965302088571	0.999321283132065	0.990509871162828	0.98484198995	0.980984020385061	0.985199209354123	0.992105451168113	0.985437355623609	0.985008692338548	0.985044414278964	0.985127765473291	0.986068443237668	0.999011692981818	0.994201138339184	0.98393703412636	0.998035293277097	0.973994427377136	0.00683479793264128	0.994736967445385	0.999416541639852	0.996987449691579	0.984687194874842	0.00627515419912736	0.985318282488937	0.996963635064623	0.998583029696829	0.992879426543764	0.992522207139607	0.977804767688449	0.974518349169734	0.894739348907986	0.979983806053776	0	0.955609535376613	0.999341695669409	0.990497963849368	0.947655449977355	0.997166059393658	0.999428448953312	0.998297254173503	0.998094829844468	0.971041413635979	0.915100854945157
"B3821"	0.99778523969422	0.955561906122741	0.997606629992141	0.955561906122741	0.499303422161892	0.998928341787526	0.996642137600914	0.994605986997214	0.990283632206902	0.994320211473887	0.992355504751018	0.994856040580124	0.994713152818461	0.99378438236765	0.994605986997214	0.169929270557977	0.999214117310852	0.997749517753804	0.979852825605487	0.997320854468815	0.983032078302493	0.956097735228978	0.994998928341787	0.999535614774595	0.996213474315925	0.99353432878474	0.955633350003572	0.230192184039437	0.128634707437308	0.998606844323784	0.993212831320997	0.992069729227692	0.980888761877545	0.961063084946774	0.953918696863614	0.952918482531971	0.955609535376613	0	0.99925494238556	0.99446309923555	0.864006572837037	0.995106094163035	0.999142673430021	0.998249624919626	0.99778523969422	0.977959562763449	0.955383296420662
"B4025"	0.317409853197579	0.994019126547327	0.989283417874932	0.999341695669445	0.500094407970077	0.246705926842843	0.967538962429707	0.867395054038064	0.86214392879678	0.935792363667753	0.318287592305058	0.992227926392132	0.989564090263845	0.989686565488147	0.946947815346489	0.999132467161294	0.284724277716228	0.667505281727783	0.988655732349407	0.95977199195519	0.375723369259017	0.999341695669445	0.21313240598642	0.18502944503575	0.31767521618337	0.94600883862702	0.999091642086526	0.998152665366987	0.999423345818944	0.151394686581554	0.547260127147234	0.993330203410706	0.993855826248294	0.992758652364035	0.993365925351123	0.994733565355665	0.999341695669409	0.99925494238556	0	0.476979760953224	0.295813388545423	0.478862817525297	0.760004694876248	0.376049969873266	0.288990498028639	0.259407628214025	0.260183304532224
"B0442"	0.410945202543402	0.524648138886904	0.528220332928485	0.990426519968565	0.697149389154819	0.472708437522326	0.976280631563907	0.856862184753876	0.849646352789884	0.971958276773594	0.452561263127813	0.989497749517754	0.982567693077088	0.983496463527899	0.955276130599414	0.991533900121455	0.482389083375009	0.875151818246767	0.644781024505251	0.60870186468529	0.218189612059727	0.992391226691434	0.466099878545403	0.49642780595842	0.447488747588769	0.942559119811388	0.990497963849396	0.990069300564407	0.996999357005072	0.482103307851682	0.778916910766593	0.530149317710938	0.529256269200543	0.523826534257341	0.518146745731228	0.525541187397299	0.990497963849368	0.99446309923555	0.476979760953224	0	0.435843395013217	0.350575123240694	0.758448238908337	0.222511966850039	0.245266842894906	0.468528970493677	0.476352075444738
"B0450"	0.279667071515325	0.90305065371151	0.954168750446524	0.947631635350432	0.587072229763521	0.288097449453454	0.979209830678002	0.861684646710009	0.851503893691505	0.975530470815175	0.287954561691791	0.991926841466028	0.987032935629063	0.986604272344074	0.959777095091805	0.9055154676002	0.323783667928842	0.801207401586054	0.855861970422233	0.847753089947846	0.323140673001357	0.947881688933343	0.308101736086304	0.472458383939416	0.286239908551833	0.9455240408659	0.947560191469601	0.904229477745231	0.906587125812674	0.401264556690719	0.773772951346717	0.947202972065443	0.936200614417375	0.917553761520326	0.90194327355862	0.893977280845896	0.947655449977355	0.864006572837037	0.295813388545423	0.435843395013217	0	0.431521040222905	0.745552618418233	0.538079588483246	0.279095520468672	0.273594341644638	0.29102664856755
"B0457"	0.423162106165607	0.853540044295206	0.855254697435165	0.997177966707152	0.696434950346503	0.469422019004072	0.981603200685861	0.858684003715082	0.855790526541402	0.974030149317711	0.465171108094592	0.994498821175966	0.988890476530685	0.988783310709438	0.962063299278417	0.997463742230478	0.496106308494677	0.868114595984854	0.838322497678074	0.754375937700936	0.350003572194042	0.997177966707152	0.482924912481246	0.49446309923555	0.458526827177252	0.948310352218332	0.996785025362578	0.996177752375509	0.997142244766736	0.495463313567193	0.777202257626634	0.852111166678574	0.853432878473959	0.850753732942773	0.851432449810674	0.852575551903979	0.997166059393658	0.995106094163035	0.478862817525297	0.350575123240694	0.431521040222905	0	0.567085804100879	0.438808316067729	0.34950346502822	0.483817960991641	0.484889619204115
"B0461"	0.758805458312496	0.980174323069229	0.980245766950061	0.999392727012931	0.776737872401229	0.756376366364221	0.980888761877545	0.858648281774666	0.85793384296635	0.973851539615632	0.759055511895406	0.994498821175966	0.988819032649853	0.989319139815675	0.962099021218833	0.999071229549189	0.777023647924555	0.876080588697578	0.977173680074302	0.890833750089305	0.757948131742516	0.999535614774595	0.764628134600271	0.765985568336072	0.759091233835822	0.949274844609559	0.999249839251268	0.998071015217547	0.99957133671501	0.777023647924555	0.784382367650211	0.97956705008216	0.97999571336715	0.97888833321426	0.979531328141745	0.981067371579624	0.999428448953312	0.999142673430021	0.760004694876248	0.758448238908337	0.745552618418233	0.567085804100879	0	0.755554761734657	0.757948131742516	0.764020861613203	0.761627491605344
"B3835"	0.512645566907194	0.633921554618847	0.633278559691362	0.998285346860041	0.510002143316425	0.523040651568193	0.966278488247482	0.861148817603772	0.853361434593127	0.936664999642781	0.555083232121169	0.991391012359791	0.987140101450311	0.987354433092806	0.944559548474673	0.999142673430021	0.54715296134886	0.720225762663428	0.647710223619347	0.608237479459884	0.334035864828177	0.998321068800457	0.467635921983282	0.377152246910052	0.54936772165464	0.943452168321783	0.998285346860041	0.997678073872973	0.999035507608773	0.382581981853254	0.578302493391441	0.635386154175895	0.635278988354647	0.635993427162963	0.636564978209616	0.637600914481675	0.998297254173503	0.998249624919626	0.376049969873266	0.222511966850039	0.538079588483246	0.438808316067729	0.755554761734657	0	0.316996499249839	0.576659284132314	0.511609630635136
"B3839"	0.197363720797314	0.761448881903265	0.758555404729585	0.998106737157962	0.670715153247124	0.232299778523969	0.970422233335715	0.865399728513253	0.857183682217618	0.968921911838251	0.239908551832536	0.995177538043867	0.990605129670644	0.991212402657712	0.951060941630349	0.999499892834179	0.242373365721226	0.851503893691505	0.760913052797028	0.733085661213117	0.143030649424877	0.998071015217547	0.229263413588626	0.467957419447024	0.234050153604344	0.946738586840037	0.998071015217547	0.998535400442952	0.999106951489605	0.373151389583482	0.752339787097235	0.762199042651997	0.762199042651997	0.761377438022433	0.761948989069086	0.762127598771165	0.998094829844468	0.99778523969422	0.288990498028639	0.245266842894906	0.279095520468672	0.34950346502822	0.757948131742516	0.316996499249839	0	0.263163535043224	0.335393298563978
"B3842"	0.179538472529828	0.969029077659498	0.975208973351432	0.96842180467243	0.681324569550618	0.166678573980139	0.959491319568479	0.833178538258198	0.824069443452168	0.945809816389226	0.178216760734443	0.961420304350932	0.954740301493177	0.955026077016504	0.927162963492177	0.966028434664571	0.183932271200972	0.87282989211974	0.97488747588769	0.96484961063085	0.329284846752876	0.976709294848896	0.173322854897478	0.405193970136458	0.178824033721512	0.914124455240409	0.969279131242409	0.963027791669643	0.996856469243409	0.400121454597414	0.793062799171251	0.986389940701579	0.974280202900622	0.956776452096878	0.951811102379081	0.9717439451311	0.971041413635979	0.977959562763449	0.259407628214025	0.468528970493677	0.273594341644638	0.483817960991641	0.764020861613203	0.576659284132314	0.263163535043224	0	0.211473887261556
"B3849"	0.354790312209759	0.908730442237622	0.990783739372723	0.915088947631635	0.617846681431735	0.28966921483175	0.966278488247482	0.867935986282775	0.858576837893834	0.945023933700079	0.355433307137244	0.990319354147317	0.987890262199043	0.98799742802029	0.945273987282989	0.997285132528399	0.317317996713581	0.819818532542688	0.977745231120954	0.966671429592055	0.365006787168679	0.915267557333714	0.293134243052083	0.343144959634207	0.348360362934915	0.944202329070515	0.915088947631635	0.995749089090519	0.997570908051725	0.341144530970922	0.737265128241766	0.989140530113596	0.977888118882618	0.98153175680503	0.911230978066729	0.976280631563907	0.915100854945157	0.955383296420662	0.260183304532224	0.476352075444738	0.29102664856755	0.484889619204115	0.761627491605344	0.511609630635136	0.335393298563978	0.211473887261556	0
