""	"B0411"	"B0413"	"B0415"	"B0619"	"B3818"	"B4021"	"B0402"	"B0603"	"B3802"	"B4002"	"B0408"	"B0604"	"B0605"	"B0607"	"B3804"	"B3807"	"B4004"	"B4007"	"B0430"	"B0431"	"B0436"	"B0622"	"B3828"	"B4028"	"B0410"	"B0610"	"B0614"	"B3810"	"B3813"	"B3815"	"B4014"	"B0420"	"B0421"	"B0423"	"B0425"	"B0428"	"B0620"	"B3821"	"B4025"	"B0442"	"B0450"	"B0457"	"B0461"	"B3835"	"B3839"	"B3842"	"B3849"
"B0411"	0	0.92619847110095	0.926770022147603	0.997856683575052	0.698721154533114	0.0659784239479888	0.98042437665214	0.864078016717868	0.857612345502608	0.980638708294635	0.0424019432735586	0.993319997142245	0.989069086232764	0.989712081160249	0.961634635993427	0.998321068800457	0.0725155390440809	0.879081231692506	0.92687718796885	0.899085518325355	0.30813745802672	0.997856683575052	0.11073801528899	0.427663070657998	0.0367578766878617	0.948953347145817	0.997820961634636	0.99667785954133	0.998714010145031	0.40108594698864	0.780238622561978	0.92687718796885	0.927020075730514	0.926091305279703	0.926698578266771	0.926984353790098	0.997856683575018	0.997749517753804	0.260086345081696	0.410552261198828	0.255769093377152	0.422697720940201	0.74898192469815	0.511931128098878	0.196363506465671	0.112774165892691	0.275237550903765
"B0413"	0.92619847110095	0	0.310780881617489	0.691683932271201	0.976262770593699	0.976173465742659	0.972601271701079	0.963885118239623	0.959169822104737	0.969064799599914	0.962491962563406	0.965278273915839	0.968100307208688	0.970922340501536	0.969636350646567	0.987747374437379	0.998106737157962	0.993462884903908	0.631956847895978	0.633314281631778	0.726012717010788	0.694613131385297	0.981388869043366	0.905372579838537	0.961706079874259	0.967421590340787	0.691576766449954	0.986354218761163	0.996856469243409	0.997963849396299	0.968886189897835	0.307923126384225	0.29392012574123	0.293562906337072	0.215010359362721	0.297992426948632	0.691838727346514	0.955383296420662	0.935501484994671	0.52289776380653	0.875651925412588	0.845395441880403	0.966957205115382	0.626562834893191	0.758662570550832	0.844359505608345	0.723405015360434
"B0415"	0.926770022147603	0.310780881617489	0	0.989497749517754	0.992230477959563	0.971458169607773	0.952061155961992	0.949667785954133	0.947881688933343	0.95173965849825	0.968278916910767	0.953418589697792	0.955454740301493	0.955561906122741	0.952096877902408	0.974923197828106	0.993355719082661	0.98842609130528	0.646317067943131	0.633135671929699	0.718189612059727	0.994641708937629	0.978102450525113	0.899657069372008	0.963242123312138	0.953954418804029	0.990355076087733	0.969564906765735	0.997820961634636	0.993141387440166	0.967885975566193	0.044330928056012	0.0382224762449096	0.0476530685146817	0.153818675430449	0.0658355361863256	0.991176680717232	0.996892191183825	0.930388144380812	0.526291348146031	0.928484675287562	0.846502822033293	0.971351003786526	0.622276202043295	0.755054654568836	0.849074801743231	0.812781310280774
"B0619"	0.997856683575052	0.691683932271201	0.989497749517754	0	0.976852182610559	0.998821175966279	0.970493677216546	0.96663570765164	0.963349289133386	0.965421161677502	0.992069729227692	0.962706294205901	0.964742444809602	0.967028648996213	0.965671215260413	0.981853254268772	0.998964063727942	0.993462884903908	0.983782239051225	0.998071015217547	0.969672072586983	0.00975208973351432	0.993355719082661	0.997642351932557	0.996927913124241	0.963849396299207	0.00271486747160106	0.980995927698793	0.996892191183825	0.998499678502536	0.992462670572265	0.992391226691434	0.976852182610559	0.970815174680289	0.891512466957205	0.979245552618418	0.00325069657824653	0.955419018361077	0.998106737157976	0.989890690862328	0.945131099521326	0.996963635064657	0.994141601771808	0.992284060870187	0.997963849396299	0.966742873472887	0.905694077302279
"B3818"	0.698721154533114	0.976262770593699	0.992230477959563	0.976852182610559	0	0.64904979638494	0.948488961920412	0.855647638779738	0.846234907480174	0.921768950489391	0.693059226977209	0.972422661999	0.972529827820247	0.973494320211474	0.92985996999357	0.520182896334929	0.661909694934629	0.708026720011431	0.981156676430664	0.968868328927627	0.684396656426377	0.976923626491391	0.593448596127742	0.500214331642495	0.697185111095235	0.926948631849682	0.976798599699936	0.519218403943702	0.521093805815532	0.499267700221476	0.598663999428449	0.992016146317068	0.981335286132743	0.961706079874259	0.97497678073873	0.954418804029435	0.976828367983621	0.499267700221476	0.499969381178618	0.696952918482532	0.583732228334643	0.694791741087376	0.766735729084804	0.505376152032578	0.670590126455669	0.680074301636065	0.61729299135529
"B4021"	0.0659784239479888	0.976173465742659	0.971458169607773	0.998821175966279	0.64904979638494	0	0.966778595413303	0.863506465671215	0.856790740873044	0.950846609987855	0.0659069800671572	0.991069514896049	0.989283417875259	0.989462027577338	0.946845752661285	0.998249624919626	0.0497963849396299	0.814888904765307	0.963706508537544	0.935521897549475	0.356683575051797	0.998785454025863	0.0592626991498178	0.423483603629349	0.0659784239479888	0.94509537758091	0.998821175966279	0.997392298349646	0.998928341787526	0.3510395084661	0.729299135529042	0.977066514253054	0.977030792312638	0.975851968278917	0.976494963206401	0.976637850968065	0.998809268652784	0.998714010145031	0.241990630707778	0.459919982853469	0.287097235121812	0.458848324640995	0.744088018861185	0.510037865256841	0.218439665642638	0.16164178038151	0.273308566121312
"B0402"	0.98042437665214	0.972601271701079	0.952061155961992	0.970493677216546	0.948488961920412	0.966778595413303	0	0.508501821818961	0.52043294991784	0.443202114738873	0.974530256483532	0.28634707437308	0.456383510752304	0.462706294205901	0.455347574480246	0.970315067514467	0.968136029149103	0.962134743159248	0.982353361434593	0.980138601128813	0.92262627705937	0.975780524398085	0.962706294205901	0.965599771379581	0.979638493962992	0.501571765378295	0.970850896620704	0.946810030720869	0.996856469243409	0.967921697506609	0.960312924198042	0.991391012359791	0.973672929913553	0.969314853182825	0.960634421661785	0.978031006644281	0.972220237669914	0.978281060227192	0.966028434663604	0.974315924841037	0.959884260913053	0.97888833321426	0.976137743802243	0.954918911195256	0.968171751089519	0.942987783096378	0.943380724440952
"B0603"	0.864078016717868	0.963885118239623	0.949667785954133	0.96663570765164	0.855647638779738	0.863506465671215	0.508501821818961	0	0.0335071801100236	0.146388511823962	0.858183896549261	0.461170250768022	0.132314067300136	0.134278774023005	0.13474315924841	0.954597413731514	0.873008501821819	0.872794170179324	0.974994641708938	0.956312066871472	0.773022790597985	0.975816246338501	0.85904122311924	0.86150603700793	0.862970636564978	0.121240265771237	0.966599985711224	0.910302207615918	0.996570693720083	0.872722726298493	0.857469457740945	0.983817960991641	0.968386082732014	0.951525326855755	0.944666714295921	0.971029506322784	0.969683979900215	0.979531328141745	0.862348054170688	0.85571908266057	0.84635993427163	0.856219189826391	0.853361434593127	0.851718225334	0.864078016717868	0.814281631778238	0.842716296349218
"B3802"	0.857612345502608	0.959169822104737	0.947881688933343	0.963349289133386	0.846234907480174	0.856790740873044	0.52043294991784	0.0335071801100236	0	0.159462742016146	0.851861113095663	0.466850039294134	0.139136957919554	0.139458455383296	0.140101450310781	0.953918696863614	0.867435879116954	0.87215117525184	0.9731013788669	0.959276987925984	0.766664285203972	0.972529827820247	0.851896835036079	0.85529041937558	0.856112024005144	0.111988283203544	0.963349289133386	0.909623490748017	0.995927698792598	0.867114381653211	0.851003786525684	0.981674644566693	0.965206830035008	0.949274844609559	0.939272701293134	0.968386082732014	0.966409468695424	0.975709080517254	0.855637432506698	0.84950346502822	0.836107737372294	0.854540258626849	0.852289776380653	0.844609559191255	0.856969350575123	0.806780024290919	0.832428377509466
"B4002"	0.980638708294635	0.969064799599914	0.95173965849825	0.965421161677502	0.921768950489391	0.950846609987855	0.443202114738873	0.146388511823962	0.159462742016146	0	0.974816032006859	0.421197399442738	0.0784453811531042	0.0868757590912338	0.0758734014431664	0.953990140744445	0.961741801814675	0.932485532614132	0.975780524398085	0.972386940058584	0.88661856112024	0.974601700364364	0.933664356647853	0.936057726655712	0.979138386797171	0.11670357933843	0.965349717796671	0.909373437165107	0.995963420733014	0.940630135028935	0.930377938129599	0.989569193398585	0.973458598271058	0.957169393441452	0.946952918482532	0.974030149317711	0.968481341239539	0.977638065299707	0.934506373812816	0.970243623633636	0.957990998071015	0.969171965421162	0.966671429592055	0.926698578266771	0.966957205115382	0.929806387082946	0.924162320497249
"B0408"	0.0424019432735586	0.962491962563406	0.968278916910767	0.992069729227692	0.693059226977209	0.0659069800671572	0.974530256483532	0.858183896549261	0.851861113095663	0.974816032006859	0	0.987604486675716	0.983174966064157	0.983853682932057	0.955811959705651	0.998035293277131	0.038329642066157	0.878545402586268	0.963277845252554	0.940987354433093	0.344430949489176	0.992034007287276	0.110345073944417	0.469457740944488	0.00668000285775523	0.943166392798457	0.99199828534686	0.996320640137172	0.998571122383368	0.400943059226977	0.776630706579981	0.965242551975423	0.963099235550475	0.962420518682575	0.962956347788812	0.963456454954633	0.992045914600742	0.992141173108523	0.293644556551644	0.452311209544903	0.287347288704722	0.464063727941702	0.745088233192827	0.549939272701293	0.238051010930914	0.149139101235979	0.311423876544974
"B0604"	0.993319997142245	0.965278273915839	0.953418589697792	0.962706294205901	0.972422661999	0.991069514896049	0.28634707437308	0.461170250768022	0.466850039294134	0.421197399442738	0.987604486675716	0	0.39862113309995	0.402336214903194	0.432128313209974	0.956812174037294	0.99421304565264	0.98867614488819	0.980138601128813	0.993570050725155	0.912195470457955	0.971672501250268	0.985925555476173	0.990176466385654	0.99199828534686	0.449489176252054	0.962920625848396	0.921840394370222	0.996249196256341	0.993855826248482	0.984532399799957	0.988711866828606	0.971958276773594	0.956990783739373	0.946774308780453	0.975387583053511	0.965611678692816	0.975101807530185	0.990497963849177	0.985318282489105	0.971172394084447	0.990426519968565	0.987783096377795	0.978924055154676	0.990497963849396	0.944773880117168	0.965956990783739
"B0605"	0.989069086232764	0.968100307208688	0.955454740301493	0.964742444809602	0.972529827820247	0.989283417875259	0.456383510752304	0.132314067300136	0.139136957919554	0.0784453811531042	0.983174966064157	0.39862113309995	0	0.0197899549903551	0.0657998142459098	0.954383082089019	0.991891119525613	0.9862113309995	0.980888761877545	0.988497535186111	0.897978138172466	0.973958705436879	0.984282346217046	0.987854540258627	0.987747374437379	0.0865185396870758	0.964706722869186	0.909730656569265	0.996356362077588	0.99156962206187	0.982496249196256	0.989640637279417	0.97267271558191	0.957133671501036	0.948596127741659	0.976316353504322	0.967814531685099	0.97753089947846	0.988201553393795	0.980781596056298	0.969493462884904	0.986389940701579	0.984068014574552	0.977316567835965	0.988926198471101	0.938665428306066	0.966564263770808
"B0607"	0.989712081160249	0.970922340501536	0.955561906122741	0.967028648996213	0.973494320211474	0.989462027577338	0.462706294205901	0.134278774023005	0.139458455383296	0.0868757590912338	0.983853682932057	0.402336214903194	0.0197899549903551	0	0.0645138243909409	0.953311423876545	0.991533900121455	0.985818389654926	0.980210045009645	0.988854754590269	0.898371079517039	0.976209187683075	0.984496677859541	0.987890262199043	0.988068871901122	0.0848753304279488	0.967028648996213	0.908658998356791	0.99532042580553	0.991212402657712	0.982853468600414	0.989640637279417	0.975351861113096	0.956597842394799	0.950239337000786	0.976709294848896	0.970065013931293	0.978852611273844	0.98830361608066	0.981496034864614	0.970815174680289	0.9862113309995	0.984925341144531	0.977495177538044	0.989033364292348	0.93998714010145	0.96910052154033
"B3804"	0.961634635993427	0.969636350646567	0.952096877902408	0.965671215260413	0.92985996999357	0.946845752661285	0.455347574480246	0.13474315924841	0.140101450310781	0.0758734014431664	0.955811959705651	0.432128313209974	0.0657998142459098	0.0645138243909409	0	0.954275916267772	0.948524683860827	0.942952061155962	0.981603200685861	0.967350146459956	0.870115024648139	0.97488747588769	0.941737515181825	0.945309709223405	0.960170036436379	0.0670858041008788	0.965564049439166	0.908480388654712	0.996213474315925	0.948203186397085	0.940308637565193	0.990140744445238	0.974065871258127	0.957633778666857	0.949739229834965	0.976852182610559	0.968743302135909	0.97820961634636	0.945723063103721	0.95352575551904	0.942416232049725	0.959098378223905	0.956955061798957	0.934736014860327	0.949417732371222	0.91105236836465	0.92484103736515
"B3807"	0.998321068800457	0.987747374437379	0.974923197828106	0.981853254268772	0.520182896334929	0.998249624919626	0.970315067514467	0.954597413731514	0.953918696863614	0.953990140744445	0.998035293277131	0.956812174037294	0.954383082089019	0.953311423876545	0.954275916267772	0	0.998678288204615	0.993069943559334	0.995177538043867	0.998356790740873	0.95599056940773	0.990998071015218	0.99310566549975	0.997320854468815	0.997713795813389	0.953454311638208	0.982460527255841	0.0493677216546403	0.0420447238694006	0.998285346860041	0.995856254911767	0.99557047938844	0.991819675644781	0.94952489819247	0.966992927055798	0.96756447810245	0.984865804576921	0.0424376652139744	0.997703589544689	0.990247910266486	0.902943487890262	0.996534971779667	0.998285346860041	0.993891548188898	0.998463956562121	0.96374223047796	0.992069729227692
"B4004"	0.0725155390440809	0.998106737157962	0.993355719082661	0.998964063727942	0.661909694934629	0.0497963849396299	0.968136029149103	0.873008501821819	0.867435879116954	0.961741801814675	0.038329642066157	0.99421304565264	0.991891119525613	0.991533900121455	0.948524683860827	0.998678288204615	0	0.840572979924269	0.99889261984711	0.97088661856112	0.379545616917911	0.998928341787526	0.0845181110237908	0.4599914267343	0.0389726369936415	0.948131742516253	0.99889261984711	0.998285346860041	0.999142673430021	0.36372079731371	0.766021290276488	0.998856897906694	0.998928341787526	0.998035293277131	0.998642566264199	0.998821175966279	0.998940249100987	0.999071229549189	0.284193551744218	0.48221047367293	0.322461956133457	0.494105879831392	0.77212974208759	0.546045581195971	0.240587268700436	0.183932271200972	0.309030506537115
"B4007"	0.879081231692506	0.993462884903908	0.98842609130528	0.993462884903908	0.708026720011431	0.814888904765307	0.962134743159248	0.872794170179324	0.87215117525184	0.932485532614132	0.878545402586268	0.98867614488819	0.9862113309995	0.985818389654926	0.942952061155962	0.993069943559334	0.840572979924269	0	0.69339858541116	0.666392798456812	0.872115453311424	0.995106094163035	0.779595627634493	0.56026291348146	0.879367007215832	0.941880402943488	0.993319997142245	0.992819889976424	0.998035293277131	0.571193827248696	0.306494248767593	0.997856683575052	0.995391869686361	0.992748446095592	0.993212831320997	0.995820532971351	0.993427162963497	0.997463742230478	0.665964135155506	0.874151603915125	0.798242480531542	0.865756947917411	0.870007858826891	0.718511109523469	0.851146674287347	0.872436950775166	0.817067943130671
"B0430"	0.92687718796885	0.631956847895978	0.646317067943131	0.983782239051225	0.981156676430664	0.963706508537544	0.982353361434593	0.974994641708938	0.9731013788669	0.975780524398085	0.963277845252554	0.980138601128813	0.980888761877545	0.980210045009645	0.981603200685861	0.995177538043867	0.99889261984711	0.69339858541116	0	0.100092877045081	0.731621061656069	0.983710795170394	0.983675073229978	0.906372794170179	0.961634635993427	0.97931699649925	0.983782239051225	0.993605772665571	0.995713367150104	0.998606844323784	0.968314638851182	0.639958562549118	0.632849896406373	0.632135457598057	0.627955990569408	0.624098021004501	0.983758424424281	0.979424162320497	0.930944386023324	0.642566264199471	0.830249339144102	0.830535114667429	0.962277630920912	0.642351932556977	0.759091233835822	0.851075230406516	0.804029434878903
"B0431"	0.899085518325355	0.633314281631778	0.633135671929699	0.998071015217547	0.968868328927627	0.935521897549475	0.980138601128813	0.956312066871472	0.959276987925984	0.972386940058584	0.940987354433093	0.993570050725155	0.988497535186111	0.988854754590269	0.967350146459956	0.998356790740873	0.97088661856112	0.666392798456812	0.100092877045081	0	0.719082660570122	0.998035293277131	0.957598056726441	0.876866471386726	0.935450453668643	0.966528541830392	0.99778523969422	0.996856469243409	0.99889261984711	0.97020790169322	0.944452382653426	0.63406444238051	0.633957276559263	0.633171393870115	0.633671501035936	0.633207115810531	0.998023385963637	0.997320854468815	0.90194327353912	0.605486890047867	0.822997785239694	0.748588983353576	0.882046152747017	0.606344216617847	0.731049510609416	0.840894477388012	0.793598628277488
"B0436"	0.30813745802672	0.726012717010788	0.718189612059727	0.969672072586983	0.684396656426377	0.356683575051797	0.92262627705937	0.773022790597985	0.766664285203972	0.88661856112024	0.344430949489176	0.912195470457955	0.897978138172466	0.898371079517039	0.870115024648139	0.95599056940773	0.379545616917911	0.872115453311424	0.731621061656069	0.719082660570122	0	0.978674001571765	0.361434593127099	0.403014931771094	0.343430735157534	0.856683575051797	0.970136457812388	0.919947131528185	0.996534971779667	0.400442952061156	0.773558619704222	0.742694863184968	0.730442237622348	0.710688004572408	0.670322211902551	0.728084589554905	0.972613179014309	0.981888976209188	0.315848293985915	0.217546617132243	0.297349432021147	0.340430092162606	0.744302350503679	0.321676073444309	0.140208616132028	0.20386511395299	0.185539758519683
"B0622"	0.997856683575052	0.694613131385297	0.994641708937629	0.00975208973351432	0.976923626491391	0.998785454025863	0.975780524398085	0.975816246338501	0.972529827820247	0.974601700364364	0.992034007287276	0.971672501250268	0.973958705436879	0.976209187683075	0.97488747588769	0.990998071015218	0.998928341787526	0.995106094163035	0.983710795170394	0.998035293277131	0.978674001571765	0	0.99421304565264	0.998678288204615	0.996927913124241	0.972636993641495	0.010180753018504	0.989890690862328	0.996963635064657	0.998499678502536	0.992391226691434	0.992319782810602	0.978709723512181	0.979531328141745	0.899799957133671	0.980460098592556	0.00650139315526065	0.955633350003572	0.998627256861107	0.991426734300207	0.945238265342573	0.996927913124241	0.99421304565264	0.993498606844324	0.997892405515468	0.975351861113096	0.90705151103808
"B3828"	0.11073801528899	0.981388869043366	0.978102450525113	0.993355719082661	0.593448596127742	0.0592626991498178	0.962706294205901	0.85904122311924	0.851896835036079	0.933664356647853	0.110345073944417	0.985925555476173	0.984282346217046	0.984496677859541	0.941737515181825	0.99310566549975	0.0845181110237908	0.779595627634493	0.983675073229978	0.957598056726441	0.361434593127099	0.99421304565264	0	0.380795884832464	0.111059512752733	0.940665856969351	0.993319997142245	0.992284060870187	0.997142244766736	0.297956705008216	0.686932914195899	0.984889619204115	0.983746517110809	0.980567264413803	0.981174537400872	0.982317639494177	0.993367626396304	0.994355933414303	0.205222547751235	0.465028220332929	0.306565692648425	0.48042437665214	0.758876902193327	0.466349932128313	0.227655926269915	0.16496392084018	0.270415088947632
"B4028"	0.427663070657998	0.905372579838537	0.899657069372008	0.997642351932557	0.500214331642495	0.423483603629349	0.965599771379581	0.86150603700793	0.85529041937558	0.936057726655712	0.469457740944488	0.990176466385654	0.987854540258627	0.987890262199043	0.945309709223405	0.997320854468815	0.4599914267343	0.56026291348146	0.906372794170179	0.876866471386726	0.403014931771094	0.998678288204615	0.380795884832464	0	0.464170893762949	0.944309494891763	0.997320854468815	0.996499249839251	0.999357005072516	0.106987211545331	0.383332142601986	0.906872901336001	0.905193970136458	0.90440808744731	0.904979638493963	0.905551189540616	0.997868590888692	0.999285561191684	0.181492972934513	0.404765306851468	0.43062799171251	0.402407658784025	0.743230692291205	0.286489962134743	0.377616632135458	0.402979209830678	0.342859184110881
"B0410"	0.0367578766878617	0.961706079874259	0.963242123312138	0.996927913124241	0.697185111095235	0.0659784239479888	0.979638493962992	0.862970636564978	0.856112024005144	0.979138386797171	0.00668000285775523	0.99199828534686	0.987747374437379	0.988068871901122	0.960170036436379	0.997713795813389	0.0389726369936415	0.879367007215832	0.961634635993427	0.935450453668643	0.343430735157534	0.996927913124241	0.111059512752733	0.464170893762949	0	0.947417303707937	0.996927913124241	0.996070586554262	0.998142459098378	0.401371722511967	0.779274130170751	0.961634635993427	0.962456240622991	0.960848753304279	0.961456026291348	0.961634635993427	0.996927913124207	0.996106308494677	0.288204615339575	0.447095806244195	0.286025576909338	0.457990998071015	0.74812459812817	0.547438736872187	0.232907051511038	0.148353218546831	0.310888047438737
"B0610"	0.948953347145817	0.967421590340787	0.953954418804029	0.963849396299207	0.926948631849682	0.94509537758091	0.501571765378295	0.121240265771237	0.111988283203544	0.11670357933843	0.943166392798457	0.449489176252054	0.0865185396870758	0.0848753304279488	0.0670858041008788	0.953454311638208	0.948131742516253	0.941880402943488	0.97931699649925	0.966528541830392	0.856683575051797	0.972636993641495	0.940665856969351	0.944309494891763	0.947417303707937	0	0.963920840180039	0.905765521183111	0.995427591626777	0.947774523112095	0.938486818603987	0.989247695934843	0.972779881403158	0.956240622990641	0.9462027577338	0.975423304993927	0.966778595413042	0.975673358576838	0.944416660711383	0.940951632492677	0.926698578266771	0.944666714295921	0.94220190040723	0.933700078588269	0.945238265342573	0.898085303993713	0.922126169893549
"B0614"	0.997820961634636	0.691576766449954	0.990355076087733	0.00271486747160106	0.976798599699936	0.998821175966279	0.970850896620704	0.966599985711224	0.963349289133386	0.965349717796671	0.99199828534686	0.962920625848396	0.964706722869186	0.967028648996213	0.965564049439166	0.982460527255841	0.99889261984711	0.993319997142245	0.983782239051225	0.99778523969422	0.970136457812388	0.010180753018504	0.993319997142245	0.997320854468815	0.996927913124241	0.963920840180039	0	0.981424590983782	0.996999357005072	0.998356790740873	0.992176895048939	0.992391226691434	0.977280845895549	0.971529613488605	0.892048296063442	0.979245552618418	0.00453668643346457	0.955419018361077	0.997820961634641	0.989890690862328	0.945166821461742	0.996642137600914	0.993891548188898	0.99242694863185	0.997856683575052	0.967278702579124	0.905836965063942
"B3810"	0.99667785954133	0.986354218761163	0.969564906765735	0.980995927698793	0.519218403943702	0.997392298349646	0.946810030720869	0.910302207615918	0.909623490748017	0.909373437165107	0.996320640137172	0.921840394370222	0.909730656569265	0.908658998356791	0.908480388654712	0.0493677216546403	0.998285346860041	0.992819889976424	0.993605772665571	0.996856469243409	0.919947131528185	0.989890690862328	0.992284060870187	0.996499249839251	0.996070586554262	0.905765521183111	0.981424590983782	0	0.0905551189540616	0.998035293277131	0.994177323712224	0.993998714010145	0.989890690862328	0.947131528184611	0.964456669286276	0.965992712724155	0.983960848753066	0.0877330856612131	0.996881984915101	0.988533257126527	0.901228834750304	0.994856040580124	0.99667785954133	0.990712295491891	0.996820747302994	0.961205972708438	0.990390798028149
"B3813"	0.998714010145031	0.996856469243409	0.997820961634636	0.996892191183825	0.521093805815532	0.998928341787526	0.996856469243409	0.996570693720083	0.995927698792598	0.995963420733014	0.998571122383368	0.996249196256341	0.996356362077588	0.99532042580553	0.996213474315925	0.0420447238694006	0.999142673430021	0.998035293277131	0.995713367150104	0.99889261984711	0.996534971779667	0.996963635064657	0.997142244766736	0.999357005072516	0.998142459098378	0.995427591626777	0.996999357005072	0.0905551189540616	0	0.998821175966279	0.997606629992141	0.996320640137172	0.997999571336715	0.973887261556048	0.995106094163035	0.971172394084447	0.996904098497287	0.0447595913410016	0.999173292236025	0.996820747302994	0.904372365506894	0.996999357005072	0.998821175966279	0.998785454025863	0.998928341787526	0.996820747302994	0.997177966707152
"B3815"	0.40108594698864	0.997963849396299	0.993141387440166	0.998499678502536	0.499267700221476	0.3510395084661	0.967921697506609	0.872722726298493	0.867114381653211	0.940630135028935	0.400943059226977	0.993855826248482	0.99156962206187	0.991212402657712	0.948203186397085	0.998285346860041	0.36372079731371	0.571193827248696	0.998606844323784	0.97020790169322	0.400442952061156	0.998499678502536	0.297956705008216	0.106987211545331	0.401371722511967	0.947774523112095	0.998356790740873	0.998035293277131	0.998821175966279	0	0.415767664499536	0.998749732085447	0.998714010145031	0.997892405515468	0.998392512681289	0.998499678502536	0.998499678502537	0.998535400442952	0.151144632998636	0.481924698149603	0.400335786239909	0.493427162963492	0.77145102521969	0.381188826177038	0.373079945702651	0.400050010716582	0.341108809030507
"B4014"	0.780238622561978	0.968886189897835	0.967885975566193	0.992462670572265	0.598663999428449	0.729299135529042	0.960312924198042	0.857469457740945	0.851003786525684	0.930377938129599	0.776630706579981	0.984532399799957	0.982496249196256	0.982853468600414	0.940308637565193	0.995856254911767	0.766021290276488	0.306494248767593	0.968314638851182	0.944452382653426	0.773558619704222	0.992391226691434	0.686932914195899	0.383332142601986	0.779274130170751	0.938486818603987	0.992176895048939	0.994177323712224	0.997606629992141	0.415767664499536	0	0.970350789454883	0.969636350646567	0.968600414374509	0.969029077659498	0.969386297063657	0.992426948631855	0.992784168036008	0.528373426935398	0.778452525541187	0.772451239551332	0.775594770307923	0.770022147603058	0.574265914124455	0.752304065156819	0.774058726870044	0.715903407873116
"B0420"	0.92687718796885	0.307923126384225	0.044330928056012	0.992391226691434	0.992016146317068	0.977066514253054	0.991391012359791	0.983817960991641	0.981674644566693	0.989569193398585	0.965242551975423	0.988711866828606	0.989640637279417	0.989640637279417	0.990140744445238	0.99557047938844	0.998856897906694	0.997856683575052	0.639958562549118	0.63406444238051	0.742694863184968	0.992319782810602	0.984889619204115	0.906872901336001	0.961634635993427	0.989247695934843	0.992391226691434	0.993998714010145	0.996320640137172	0.998749732085447	0.970350789454883	0	0.0191826820032864	0.0547260127170108	0.161998999785668	0.0640137172251197	0.992355504750988	0.991605344002286	0.936955878283063	0.529291991140959	0.923162106165607	0.845323997999571	0.96799314138744	0.629277702364792	0.75944845323998	0.864292348360363	0.815853397156533
"B0421"	0.927020075730514	0.29392012574123	0.0382224762449096	0.976852182610559	0.981335286132743	0.977030792312638	0.973672929913553	0.968386082732014	0.965206830035008	0.973458598271058	0.963099235550475	0.971958276773594	0.97267271558191	0.975351861113096	0.974065871258127	0.991819675644781	0.998928341787526	0.995391869686361	0.632849896406373	0.633957276559263	0.730442237622348	0.978709723512181	0.983746517110809	0.905193970136458	0.962456240622991	0.972779881403158	0.977280845895549	0.989890690862328	0.997999571336715	0.998714010145031	0.969636350646567	0.0191826820032864	0	0.0448310352218333	0.146281346002715	0.0509394870329356	0.97738801171692	0.980638708294635	0.935889323205014	0.527898835464742	0.911766807172966	0.846217046509966	0.967635921983282	0.625205401157391	0.759377009359148	0.84882474816032	0.800528684718154
"B0423"	0.926091305279703	0.293562906337072	0.0476530685146817	0.970815174680289	0.961706079874259	0.975851968278917	0.969314853182825	0.951525326855755	0.949274844609559	0.957169393441452	0.962420518682575	0.956990783739373	0.957133671501036	0.956597842394799	0.957633778666857	0.94952489819247	0.998035293277131	0.992748446095592	0.632135457598057	0.633171393870115	0.710688004572408	0.979531328141745	0.980567264413803	0.90440808744731	0.960848753304279	0.956240622990641	0.971529613488605	0.947131528184611	0.973887261556048	0.997892405515468	0.968600414374509	0.0547260127170108	0.0448310352218333	0	0.13074230192184	0.0318996927913124	0.973577671405499	0.960527255840537	0.935006480963256	0.522576266342788	0.893977280845896	0.843823676502108	0.966921483174966	0.62717010788026	0.758591126670001	0.833357147960277	0.806780024290919
"B0425"	0.926698578266771	0.215010359362721	0.153818675430449	0.891512466957205	0.97497678073873	0.976494963206401	0.960634421661785	0.944666714295921	0.939272701293134	0.946952918482532	0.962956347788812	0.946774308780453	0.948596127741659	0.950239337000786	0.949739229834965	0.966992927055798	0.998642566264199	0.993212831320997	0.627955990569408	0.633671501035936	0.670322211902551	0.899799957133671	0.981174537400872	0.904979638493963	0.961456026291348	0.9462027577338	0.892048296063442	0.964456669286276	0.995106094163035	0.998392512681289	0.969029077659498	0.161998999785668	0.146281346002715	0.13074230192184	0	0.144495248981925	0.894120168607386	0.953704365221119	0.935613753950343	0.516967921697507	0.876366364220905	0.84439522754876	0.967457312281203	0.62717010788026	0.759198399657069	0.827141530327927	0.728656140601557
"B0428"	0.926984353790098	0.297992426948632	0.0658355361863256	0.979245552618418	0.954418804029435	0.976637850968065	0.978031006644281	0.971029506322784	0.968386082732014	0.974030149317711	0.963456454954633	0.975387583053511	0.976316353504322	0.976709294848896	0.976852182610559	0.96756447810245	0.998821175966279	0.995820532971351	0.624098021004501	0.633207115810531	0.728084589554905	0.980460098592556	0.982317639494177	0.905551189540616	0.961634635993427	0.975423304993927	0.979245552618418	0.965992712724155	0.971172394084447	0.998499678502536	0.969386297063657	0.0640137172251197	0.0509394870329356	0.0318996927913124	0.144495248981925	0	0.979293181872488	0.952382653425734	0.935874013801963	0.523933700078588	0.869114810316496	0.844323783667929	0.967921697506609	0.629456312066871	0.759341287418733	0.846717153675788	0.801814674573123
"B0620"	0.997856683575018	0.691838727346514	0.991176680717232	0.00325069657824653	0.976828367983621	0.998809268652784	0.972220237669914	0.969683979900215	0.966409468695424	0.968481341239539	0.992045914600742	0.965611678692816	0.967814531685099	0.970065013931293	0.968743302135909	0.984865804576921	0.998940249100987	0.993427162963497	0.983758424424281	0.998023385963637	0.972613179014309	0.00650139315526065	0.993367626396304	0.997868590888692	0.996927913124207	0.966778595413042	0.00453668643346457	0.983960848753066	0.996904098497287	0.998499678502537	0.992426948631855	0.992355504750988	0.97738801171692	0.973577671405499	0.894120168607386	0.979293181872488	0	0.955407111047614	0.998094829844481	0.989890690862299	0.94511919220787	0.996951727751163	0.994165416398733	0.992688909528404	0.997940034769345	0.969541092138552	0.90612274058748
"B3821"	0.997749517753804	0.955383296420662	0.996892191183825	0.955419018361077	0.499267700221476	0.998714010145031	0.978281060227192	0.979531328141745	0.975709080517254	0.977638065299707	0.992141173108523	0.975101807530185	0.97753089947846	0.978852611273844	0.97820961634636	0.0424376652139744	0.999071229549189	0.997463742230478	0.979424162320497	0.997320854468815	0.981888976209188	0.955633350003572	0.994355933414303	0.999285561191684	0.996106308494677	0.975673358576838	0.955419018361077	0.0877330856612131	0.0447595913410016	0.998535400442952	0.992784168036008	0.991605344002286	0.980638708294635	0.960527255840537	0.953704365221119	0.952382653425734	0.955407111047614	0	0.999040610743058	0.993891548188898	0.861720368650425	0.994820318639709	0.993962992069729	0.994034435950561	0.997606629992141	0.976709294848896	0.954811745374009
"B4025"	0.260086345081696	0.935501484994671	0.930388144380812	0.998106737157976	0.499969381178618	0.241990630707778	0.966028434663604	0.862348054170688	0.855637432506698	0.934506373812816	0.293644556551644	0.990497963849177	0.988201553393795	0.98830361608066	0.945723063103721	0.997703589544689	0.284193551744218	0.665964135155506	0.930944386023324	0.90194327353912	0.315848293985915	0.998627256861107	0.205222547751235	0.181492972934513	0.288204615339575	0.944416660711383	0.997820961634641	0.996881984915101	0.999173292236025	0.151144632998636	0.528373426935398	0.936955878283063	0.935889323205014	0.935006480963256	0.935613753950343	0.935874013801963	0.998094829844481	0.999040610743058	0	0.419151042537154	0.254278978109132	0.424509333598616	0.739459476002076	0.317307790408622	0.231993590511001	0.257764418954705	0.223149858604001
"B0442"	0.410552261198828	0.52289776380653	0.526291348146031	0.989890690862328	0.696952918482532	0.459919982853469	0.974315924841037	0.85571908266057	0.84950346502822	0.970243623633636	0.452311209544903	0.985318282489105	0.980781596056298	0.981496034864614	0.95352575551904	0.990247910266486	0.48221047367293	0.874151603915125	0.642566264199471	0.605486890047867	0.217546617132243	0.991426734300207	0.465028220332929	0.404765306851468	0.447095806244195	0.940951632492677	0.989890690862328	0.988533257126527	0.996820747302994	0.481924698149603	0.778452525541187	0.529291991140959	0.527898835464742	0.522576266342788	0.516967921697507	0.523933700078588	0.989890690862299	0.993891548188898	0.419151042537154	0	0.412088304636708	0.342787740230049	0.749089090519397	0.218796885046796	0.243052082589126	0.345181110237908	0.303279274130171
"B0450"	0.255769093377152	0.875651925412588	0.928484675287562	0.945131099521326	0.583732228334643	0.287097235121812	0.959884260913053	0.84635993427163	0.836107737372294	0.957990998071015	0.287347288704722	0.971172394084447	0.969493462884904	0.970815174680289	0.942416232049725	0.902943487890262	0.322461956133457	0.798242480531542	0.830249339144102	0.822997785239694	0.297349432021147	0.945238265342573	0.306565692648425	0.43062799171251	0.286025576909338	0.926698578266771	0.945166821461742	0.901228834750304	0.904372365506894	0.400335786239909	0.772451239551332	0.923162106165607	0.911766807172966	0.893977280845896	0.876366364220905	0.869114810316496	0.94511919220787	0.861720368650425	0.254278978109132	0.412088304636708	0	0.410980924483818	0.739479888547546	0.509323426448525	0.254483103522183	0.23322854897478	0.220761591769665
"B0457"	0.422697720940201	0.845395441880403	0.846502822033293	0.996963635064657	0.694791741087376	0.458848324640995	0.97888833321426	0.856219189826391	0.854540258626849	0.969171965421162	0.464063727941702	0.990426519968565	0.986389940701579	0.9862113309995	0.959098378223905	0.996534971779667	0.494105879831392	0.865756947917411	0.830535114667429	0.748588983353576	0.340430092162606	0.996927913124241	0.48042437665214	0.402407658784025	0.457990998071015	0.944666714295921	0.996642137600914	0.994856040580124	0.996999357005072	0.493427162963492	0.775594770307923	0.845323997999571	0.846217046509966	0.843823676502108	0.84439522754876	0.844323783667929	0.996951727751163	0.994820318639709	0.424509333598616	0.342787740230049	0.410980924483818	0	0.557333714367364	0.429592055440452	0.341466028434665	0.364006572837037	0.339822819175538
"B0461"	0.74898192469815	0.966957205115382	0.971351003786526	0.994141601771808	0.766735729084804	0.744088018861185	0.976137743802243	0.853361434593127	0.852289776380653	0.966671429592055	0.745088233192827	0.987783096377795	0.984068014574552	0.984925341144531	0.956955061798957	0.998285346860041	0.77212974208759	0.870007858826891	0.962277630920912	0.882046152747017	0.744302350503679	0.99421304565264	0.758876902193327	0.743230692291205	0.74812459812817	0.94220190040723	0.993891548188898	0.99667785954133	0.998821175966279	0.77145102521969	0.770022147603058	0.96799314138744	0.967635921983282	0.966921483174966	0.967457312281203	0.967921697506609	0.994165416398733	0.993962992069729	0.739459476002076	0.749089090519397	0.739479888547546	0.557333714367364	0	0.738908337500893	0.744016574980353	0.744838179609916	0.738658283917982
"B3835"	0.511931128098878	0.626562834893191	0.622276202043295	0.992284060870187	0.505376152032578	0.510037865256841	0.954918911195256	0.851718225334	0.844609559191255	0.926698578266771	0.549939272701293	0.978924055154676	0.977316567835965	0.977495177538044	0.934736014860327	0.993891548188898	0.546045581195971	0.718511109523469	0.642351932556977	0.606344216617847	0.321676073444309	0.993498606844324	0.466349932128313	0.286489962134743	0.547438736872187	0.933700078588269	0.99242694863185	0.990712295491891	0.998785454025863	0.381188826177038	0.574265914124455	0.629277702364792	0.625205401157391	0.62717010788026	0.62717010788026	0.629456312066871	0.992688909528404	0.994034435950561	0.317307790408622	0.218796885046796	0.509323426448525	0.429592055440452	0.738908337500893	0	0.315996284918197	0.446774308780453	0.334464528113167
"B3839"	0.196363506465671	0.758662570550832	0.755054654568836	0.997963849396299	0.670590126455669	0.218439665642638	0.968171751089519	0.864078016717868	0.856969350575123	0.966957205115382	0.238051010930914	0.990497963849396	0.988926198471101	0.989033364292348	0.949417732371222	0.998463956562121	0.240587268700436	0.851146674287347	0.759091233835822	0.731049510609416	0.140208616132028	0.997892405515468	0.227655926269915	0.377616632135458	0.232907051511038	0.945238265342573	0.997856683575052	0.996820747302994	0.998928341787526	0.373079945702651	0.752304065156819	0.75944845323998	0.759377009359148	0.758591126670001	0.759198399657069	0.759341287418733	0.997940034769345	0.997606629992141	0.231993590511001	0.243052082589126	0.254483103522183	0.341466028434665	0.744016574980353	0.315996284918197	0	0.138101021647496	0.142316210616561
"B3842"	0.112774165892691	0.844359505608345	0.849074801743231	0.966742873472887	0.680074301636065	0.16164178038151	0.942987783096378	0.814281631778238	0.806780024290919	0.929806387082946	0.149139101235979	0.944773880117168	0.938665428306066	0.93998714010145	0.91105236836465	0.96374223047796	0.183932271200972	0.872436950775166	0.851075230406516	0.840894477388012	0.20386511395299	0.975351861113096	0.16496392084018	0.402979209830678	0.148353218546831	0.898085303993713	0.967278702579124	0.961205972708438	0.996820747302994	0.400050010716582	0.774058726870044	0.864292348360363	0.84882474816032	0.833357147960277	0.827141530327927	0.846717153675788	0.969541092138552	0.976709294848896	0.257764418954705	0.345181110237908	0.23322854897478	0.364006572837037	0.744838179609916	0.446774308780453	0.138101021647496	0	0.193434307351575
"B3849"	0.275237550903765	0.723405015360434	0.812781310280774	0.905694077302279	0.61729299135529	0.273308566121312	0.943380724440952	0.842716296349218	0.832428377509466	0.924162320497249	0.311423876544974	0.965956990783739	0.966564263770808	0.96910052154033	0.92484103736515	0.992069729227692	0.309030506537115	0.817067943130671	0.804029434878903	0.793598628277488	0.185539758519683	0.90705151103808	0.270415088947632	0.342859184110881	0.310888047438737	0.922126169893549	0.905836965063942	0.990390798028149	0.997177966707152	0.341108809030507	0.715903407873116	0.815853397156533	0.800528684718154	0.806780024290919	0.728656140601557	0.801814674573123	0.90612274058748	0.954811745374009	0.223149858604001	0.303279274130171	0.220761591769665	0.339822819175538	0.738658283917982	0.334464528113167	0.142316210616561	0.193434307351575	0
