""	"B1445"	"B1450"	"B1456"	"B1463"	"B1849"	"B1853"	"B1859"	"B1866"	"B1869"	"B2434"	"B2438"	"B2442"	"B0442"	"B0450"	"B0457"	"B0461"	"B3835"	"B3839"	"B3842"	"B3849"
"B1445"	0	0.748017432306923	0.76855754804601	0.929484889619204	0.446417089376295	0.682574837465171	0.976173465742659	0.803207830249339	0.845466885761235	0.743552189754948	0.771951132385511	0.956740730156462	0.335571908266057	0.243766521397442	0.340287204400943	0.746052725584054	0.429984996785025	0.199256983639351	0.265449739229835	0.311138101021648
"B1450"	0.748017432306923	0	0.150282203329285	0.793491462456241	0.805458312495535	0.288418946917197	0.38840465814103	0.550510823747946	0.629706365649782	0.718653997285133	0.941558905479746	0.706901478888333	0.833035650496535	0.795527613059941	0.745016789311995	0.316032006858613	0.706365649782096	0.805386868614703	0.79877830963778	0.727262984925341
"B1456"	0.76855754804601	0.150282203329285	0	0.876902193327141	0.806315639065514	0.174430235050368	0.281203114953204	0.457740944488105	0.565085375437594	0.603307851682503	0.967242980638708	0.614238765449739	0.820318639708509	0.799957133671501	0.733299992855612	0.28924055154676	0.638243909409159	0.793312852754162	0.806958633992998	0.743480745874116
"B1463"	0.929484889619204	0.793491462456241	0.876902193327141	0	0.939701364578124	0.908658998356791	0.948774737443738	0.900442952061156	0.875937700935915	0.912195470457955	0.992355504751018	0.944666714295921	0.938236765021076	0.932771308137458	0.929377723797957	0.927805958419661	0.910552261198828	0.919911409587769	0.935414731728227	0.90662284775309
"B1849"	0.446417089376295	0.805458312495535	0.806315639065514	0.939701364578124	0	0.686004143745088	0.978781167393013	0.813138529684932	0.861291705365435	0.730728013145674	0.450989497749518	0.944380938772594	0.253411445309709	0.584303779381296	0.502000428663285	0.750696577838108	0.288740444380939	0.414088733299993	0.522719154104451	0.47531613917268
"B1853"	0.682574837465171	0.288418946917197	0.174430235050368	0.908658998356791	0.686004143745088	0	0.371793955847682	0.460348646138458	0.579552761305994	0.572122597699507	0.989926412802743	0.62163320711581	0.689933557190827	0.685754090162178	0.604772451239551	0.343109237693792	0.487890262199043	0.661927555904837	0.684575266128456	0.625276845038222
"B1859"	0.976173465742659	0.38840465814103	0.281203114953204	0.948774737443738	0.978781167393013	0.371793955847682	0	0.608130313638637	0.708508966207044	0.791526755733371	0.98356790740873	0.658641137386583	0.977673787240123	0.976923626491391	0.896227763092091	0.349432021147389	0.8365721225977	0.958598271058084	0.974994641708938	0.932699864256626
"B1866"	0.803207830249339	0.550510823747946	0.457740944488105	0.900442952061156	0.813138529684932	0.460348646138458	0.608130313638637	0	0.164678145316854	0.336250625133957	0.916160605844109	0.315174680288633	0.822533400014289	0.828570407944559	0.668428949060513	0.642887761663214	0.635100378652568	0.794670286489962	0.866721440308638	0.808709009073373
"B1869"	0.845466885761235	0.629706365649782	0.565085375437594	0.875937700935915	0.861291705365435	0.579552761305994	0.708508966207044	0.164678145316854	0	0.384189469171965	0.936950775166107	0.34593127098664	0.877795241837537	0.849217689504894	0.723619347002929	0.761877545188255	0.686147031506751	0.850396513538615	0.876687861684647	0.81503179252697
"B2434"	0.743552189754948	0.718653997285133	0.603307851682503	0.912195470457955	0.730728013145674	0.572122597699507	0.791526755733371	0.336250625133957	0.384189469171965	0	0.887011502464814	0.478924055154676	0.747517325141102	0.763163535043224	0.744373794384511	0.791205258269629	0.551296706437094	0.720404372365507	0.800385796956491	0.738301064513824
"B2438"	0.771951132385511	0.941558905479746	0.967242980638708	0.992355504751018	0.450989497749518	0.989926412802743	0.98356790740873	0.916160605844109	0.936950775166107	0.887011502464814	0	0.841573194255912	0.621454597413732	0.831999714224477	0.83146388511824	0.965956990783739	0.623347860255769	0.756769307708795	0.849717796670715	0.798528256054869
"B2442"	0.956740730156462	0.706901478888333	0.614238765449739	0.944666714295921	0.944380938772594	0.62163320711581	0.658641137386583	0.315174680288633	0.34593127098664	0.478924055154676	0.841573194255912	0	0.971886832892763	0.88108166035579	0.874223047795956	0.820032864185183	0.812888476102022	0.944488104593842	0.956276344931057	0.900585839822819
"B0442"	0.335571908266057	0.833035650496535	0.820318639708509	0.938236765021076	0.253411445309709	0.689933557190827	0.977673787240123	0.822533400014289	0.877795241837537	0.747517325141102	0.621454597413732	0.971886832892763	0	0.435843395013217	0.350575123240694	0.758448238908337	0.222511966850039	0.245266842894906	0.468528970493677	0.476352075444738
"B0450"	0.243766521397442	0.795527613059941	0.799957133671501	0.932771308137458	0.584303779381296	0.685754090162178	0.976923626491391	0.828570407944559	0.849217689504894	0.763163535043224	0.831999714224477	0.88108166035579	0.435843395013217	0	0.431521040222905	0.745552618418233	0.538079588483246	0.279095520468672	0.273594341644638	0.29102664856755
"B0457"	0.340287204400943	0.745016789311995	0.733299992855612	0.929377723797957	0.502000428663285	0.604772451239551	0.896227763092091	0.668428949060513	0.723619347002929	0.744373794384511	0.83146388511824	0.874223047795956	0.350575123240694	0.431521040222905	0	0.567085804100879	0.438808316067729	0.34950346502822	0.483817960991641	0.484889619204115
"B0461"	0.746052725584054	0.316032006858613	0.28924055154676	0.927805958419661	0.750696577838108	0.343109237693792	0.349432021147389	0.642887761663214	0.761877545188255	0.791205258269629	0.965956990783739	0.820032864185183	0.758448238908337	0.745552618418233	0.567085804100879	0	0.755554761734657	0.757948131742516	0.764020861613203	0.761627491605344
"B3835"	0.429984996785025	0.706365649782096	0.638243909409159	0.910552261198828	0.288740444380939	0.487890262199043	0.8365721225977	0.635100378652568	0.686147031506751	0.551296706437094	0.623347860255769	0.812888476102022	0.222511966850039	0.538079588483246	0.438808316067729	0.755554761734657	0	0.316996499249839	0.576659284132314	0.511609630635136
"B3839"	0.199256983639351	0.805386868614703	0.793312852754162	0.919911409587769	0.414088733299993	0.661927555904837	0.958598271058084	0.794670286489962	0.850396513538615	0.720404372365507	0.756769307708795	0.944488104593842	0.245266842894906	0.279095520468672	0.34950346502822	0.757948131742516	0.316996499249839	0	0.263163535043224	0.335393298563978
"B3842"	0.265449739229835	0.79877830963778	0.806958633992998	0.935414731728227	0.522719154104451	0.684575266128456	0.974994641708938	0.866721440308638	0.876687861684647	0.800385796956491	0.849717796670715	0.956276344931057	0.468528970493677	0.273594341644638	0.483817960991641	0.764020861613203	0.576659284132314	0.263163535043224	0	0.211473887261556
"B3849"	0.311138101021648	0.727262984925341	0.743480745874116	0.90662284775309	0.47531613917268	0.625276845038222	0.932699864256626	0.808709009073373	0.81503179252697	0.738301064513824	0.798528256054869	0.900585839822819	0.476352075444738	0.29102664856755	0.484889619204115	0.761627491605344	0.511609630635136	0.335393298563978	0.211473887261556	0
